image_id,camera_intrinsics,rotation_matrix,translation_vector
38521663_2805168218,9.37816040e+02 0.00000000e+00 5.24500000e+02 0.00000000e+00 9.37816040e+02 2.85000000e+02 0.00000000e+00 0.00000000e+00 1.00000000e+00,9.94942724e-01 1.09921152e-02 -9.98406184e-02 -1.46902179e-02 9.99230024e-01 -3.63807227e-02 9.93638424e-02 3.76634158e-02 9.94338119e-01,3.02136710e-02 4.60335159e-01 2.24022667e+00
76177997_2293073399,7.89452332e+02 0.00000000e+00 5.32000000e+02 0.00000000e+00 7.89452332e+02 3.45500000e+02 0.00000000e+00 0.00000000e+00 1.00000000e+00,8.49184998e-01 4.39349712e-02 -5.26264722e-01 1.37120131e-01 9.44011108e-01 3.00068488e-01 5.09983244e-01 -3.26975146e-01 7.95615702e-01,3.65441396e+00 -1.87177020e+00 -2.20747096e+00
28048887_9705734840,9.73220764e+02 0.00000000e+00 3.78500000e+02 0.00000000e+00 9.73220764e+02 5.06500000e+02 0.00000000e+00 0.00000000e+00 1.00000000e+00,9.95465208e-01 -2.45257832e-02 -9.19103112e-02 2.38499740e-02 9.99679886e-01 -8.44424145e-03 9.20879910e-02 6.21389004e-03 9.95731485e-01,9.97120948e-02 -7.78547651e-01 -3.63559721e+00
48042301_9588980737,1.57201245e+03 0.00000000e+00 5.14000000e+02 0.00000000e+00 1.57201245e+03 3.54500000e+02 0.00000000e+00 0.00000000e+00 1.00000000e+00,9.98909971e-01 2.95662090e-02 -3.61207693e-02 -3.52235951e-02 9.85214833e-01 -1.67663448e-01 3.06295452e-02 1.68752993e-01 9.85182348e-01,-2.99884072e-02 4.89666524e-01 8.52235020e+00
23128078_9800439215,8.25811523e+02 0.00000000e+00 5.01500000e+02 0.00000000e+00 8.25811523e+02 3.76000000e+02 0.00000000e+00 0.00000000e+00 1.00000000e+00,9.99342253e-01 2.34426347e-02 2.76677598e-02 -1.86903038e-02 9.86776678e-01 -1.61004538e-01 -3.10762707e-02 1.60381519e-01 9.86565778e-01,-6.55801154e-01 -5.10699777e-02 -8.81406321e-01
21698021_9050852958,8.37429504e+02 0.00000000e+00 5.28500000e+02 0.00000000e+00 8.37429504e+02 2.83000000e+02 0.00000000e+00 0.00000000e+00 1.00000000e+00,9.95061155e-01 -7.00459617e-03 -9.90163322e-02 -1.21267427e-02 9.81457215e-01 -1.91297351e-01 9.85202543e-02 1.91553309e-01 9.76525007e-01,4.63463447e-01 8.12264599e-02 3.59048505e+00
59713287_6809504619,1.02124402e+03 0.00000000e+00 5.18000000e+02 0.00000000e+00 1.02124402e+03 3.86000000e+02 0.00000000e+00 0.00000000e+00 1.00000000e+00,9.94035331e-01 1.70293245e-02 -1.07720763e-01 -2.10408270e-02 9.99122549e-01 -3.62134768e-02 1.07009552e-01 3.82640093e-02 9.93521425e-01,-1.08702763e-01 -5.47592738e-02 -4.08988876e-01
98157145_9159024129,6.41060120e+02 0.00000000e+00 2.45000000e+02 0.00000000e+00 6.41060120e+02 2.45000000e+02 0.00000000e+00 0.00000000e+00 1.00000000e+00,9.96757980e-01 2.59505919e-03 -8.04163799e-02 2.81432042e-02 9.25096781e-01 3.78687082e-01 7.53756496e-02 -3.79722546e-01 9.22024566e-01,-1.24214804e-01 -4.22131964e-01 -7.49487694e-01
82795354_2835662202,1.16166406e+03 0.00000000e+00 5.18000000e+02 0.00000000e+00 1.16166406e+03 3.42500000e+02 0.00000000e+00 0.00000000e+00 1.00000000e+00,9.35060849e-01 -7.29701067e-03 -3.54412137e-01 4.93154820e-02 9.92743745e-01 1.09671512e-01 3.51040158e-01 -1.20027542e-01 9.28635664e-01,2.04786422e+00 -8.01847364e-01 -1.97800324e+00
41378652_232724836,8.82576599e+02 0.00000000e+00 4.05000000e+02 0.00000000e+00 8.82576599e+02 2.98500000e+02 0.00000000e+00 0.00000000e+00 1.00000000e+00,9.41419974e-01 -4.20933807e-02 -3.34599133e-01 6.24762032e-03 9.94186224e-01 -1.07492881e-01 3.37178587e-01 9.91054965e-02 9.36209753e-01,1.94727185e+00 1.75598479e-01 2.12706090e+00
74554695_3147702645,8.92528625e+02 0.00000000e+00 4.64000000e+02 0.00000000e+00 8.92528625e+02 4.64000000e+02 0.00000000e+00 0.00000000e+00 1.00000000e+00,9.81746732e-01 -1.49683257e-03 -1.90187049e-01 4.74625785e-02 9.70260144e-01 2.37365870e-01 1.84175616e-01 -2.42059935e-01 9.52620769e-01,7.07374050e-01 6.21540958e-01 -4.43413582e-01
69366784_6629915323,5.40081238e+02 0.00000000e+00 5.13000000e+02 0.00000000e+00 5.40081238e+02 4.07000000e+02 0.00000000e+00 0.00000000e+00 1.00000000e+00,9.97809824e-01 4.39502141e-03 -6.60018062e-02 1.04004575e-02 9.74955891e-01 2.22154992e-01 6.53252257e-02 -2.22354883e-01 9.72774856e-01,-2.58992472e-01 -1.15664430e+00 -2.02633407e+00
81893234_7163443084,1.08614172e+03 0.00000000e+00 3.90500000e+02 0.00000000e+00 1.08614172e+03 5.29000000e+02 0.00000000e+00 0.00000000e+00 1.00000000e+00,9.99114784e-01 2.93871737e-02 -3.01005296e-02 -2.86717486e-02 9.99302400e-01 2.39299895e-02 3.07827662e-02 -2.30457715e-02 9.99260383e-01,-3.79055924e-01 -6.55539583e-01 -2.65610672e+00
20050853_9360512514,2.58397583e+03 0.00000000e+00 4.53500000e+02 0.00000000e+00 2.58397583e+03 3.77000000e+02 0.00000000e+00 0.00000000e+00 1.00000000e+00,8.90197625e-01 -1.67501728e-02 -4.55266537e-01 6.58847746e-02 9.93551757e-01 9.22718952e-02 4.50785298e-01 -1.12135355e-01 8.85560996e-01,2.87540767e+00 -2.28735937e-01 3.29922273e-01
65593803_7168341735,8.26868530e+02 0.00000000e+00 5.21000000e+02 0.00000000e+00 8.26868530e+02 3.87500000e+02 0.00000000e+00 0.00000000e+00 1.00000000e+00,9.94279134e-01 1.43222437e-02 -1.05848365e-01 -7.47253261e-03 9.97868478e-01 6.48279479e-02 1.06551229e-01 -6.36661205e-02 9.92266829e-01,-8.34670795e-03 -9.31403644e-01 -3.13038532e+00
03890690_2728701915,3.02138623e+03 0.00000000e+00 5.11500000e+02 0.00000000e+00 3.02138623e+03 3.83500000e+02 0.00000000e+00 0.00000000e+00 1.00000000e+00,9.74118491e-01 -2.87659141e-02 -2.24200107e-01 1.03072327e-02 9.96490340e-01 -8.30708325e-02 2.25802850e-01 7.86099513e-02 9.70996163e-01,1.01253292e+00 1.18511583e+00 8.29060648e+00
73131946_5967189750,8.42626709e+02 0.00000000e+00 5.36500000e+02 0.00000000e+00 8.42626709e+02 3.18500000e+02 0.00000000e+00 0.00000000e+00 1.00000000e+00,9.95264403e-01 6.28268134e-03 -9.70015251e-02 -4.36674312e-03 9.99791417e-01 1.99513038e-02 9.71066399e-02 -1.94332418e-02 9.95084242e-01,-4.35362901e-02 -5.90825205e-01 -2.46259768e+00
48471030_6975499708,8.41231995e+02 0.00000000e+00 5.08500000e+02 0.00000000e+00 8.41231995e+02 3.39000000e+02 0.00000000e+00 0.00000000e+00 1.00000000e+00,9.82449675e-01 1.63309902e-02 -1.85811558e-01 2.54451586e-02 9.75113753e-01 2.20240127e-01 1.84784145e-01 -2.21102845e-01 9.57584645e-01,8.76868187e-01 -7.71575859e-01 -1.57517027e+00
21828843_3472565197,1.21197766e+03 0.00000000e+00 3.75000000e+02 0.00000000e+00 1.21197766e+03 5.20000000e+02 0.00000000e+00 0.00000000e+00 1.00000000e+00,9.95698002e-01 -1.55375473e-03 -9.26448808e-02 -7.58178121e-04 9.99689302e-01 -2.49143655e-02 9.26548070e-02 2.48774253e-02 9.95387462e-01,-5.75416191e-02 4.99357349e-01 2.33076839e+00
10605892_4176363979,1.05855457e+03 0.00000000e+00 5.24500000e+02 0.00000000e+00 1.05855457e+03 3.88500000e+02 0.00000000e+00 0.00000000e+00 1.00000000e+00,9.99859189e-01 1.65156434e-02 2.97260575e-03 -1.67669965e-02 9.90466336e-01 1.36730779e-01 -6.86069134e-04 -1.36761367e-01 9.90603784e-01,-6.43325440e-01 -8.77275213e-01 -2.38945769e+00
18933011_9395787270,6.97745850e+02 0.00000000e+00 1.02000000e+02 0.00000000e+00 6.97745850e+02 7.65000000e+01 0.00000000e+00 0.00000000e+00 1.00000000e+00,9.99229445e-01 1.64997554e-02 -3.56128363e-02 -1.44196164e-02 9.98218454e-01 5.78963983e-02 3.65046668e-02 -5.73382625e-02 9.97687192e-01,-5.83307174e-01 -8.73770581e-01 -3.11002860e+00
06809631_5499605152,8.66518433e+02 0.00000000e+00 5.22000000e+02 0.00000000e+00 8.66518433e+02 3.44000000e+02 0.00000000e+00 0.00000000e+00 1.00000000e+00,9.99677338e-01 2.49322522e-02 -4.85826966e-03 -2.53428790e-02 9.66019152e-01 -2.57225071e-01 -1.72001881e-03 2.57265197e-01 9.66339309e-01,-2.41803452e-01 6.15633113e-02 2.78459837e+00
56536630_1876888524,1.31770715e+03 0.00000000e+00 5.18500000e+02 0.00000000e+00 1.31770715e+03 3.86000000e+02 0.00000000e+00 0.00000000e+00 1.00000000e+00,9.14241233e-01 -3.45573908e-02 -4.03693887e-01 3.99824195e-02 9.99187801e-01 5.01432721e-03 4.03192725e-01 -2.07249630e-02 9.14880376e-01,2.06939966e+00 7.68979143e-01 3.51961065e+00
52603102_9946709976,1.02530176e+03 0.00000000e+00 3.84000000e+02 0.00000000e+00 1.02530176e+03 5.13000000e+02 0.00000000e+00 0.00000000e+00 1.00000000e+00,9.07561121e-01 7.89327491e-02 -4.12434763e-01 -6.43428110e-02 9.96715875e-01 4.91677527e-02 4.14961221e-01 -1.80855288e-02 9.09659331e-01,-4.70972687e-02 5.12672095e-01 2.28305045e+00
95335044_286554784,3.39351831e+03 0.00000000e+00 5.10500000e+02 0.00000000e+00 3.39351831e+03 3.82500000e+02 0.00000000e+00 0.00000000e+00 1.00000000e+00,9.98512354e-01 5.98695085e-03 -5.41962734e-02 1.01158707e-02 9.56358175e-01 2.92021762e-01 5.35793691e-02 -2.92135580e-01 9.54874889e-01,-3.57251984e-01 -1.36500433e+00 -2.35345501e+00
80054423_4889966849,1.01605371e+03 0.00000000e+00 3.91500000e+02 0.00000000e+00 1.01605371e+03 5.32000000e+02 0.00000000e+00 0.00000000e+00 1.00000000e+00,9.25952558e-01 -8.00638733e-02 -3.69055059e-01 -4.50518023e-02 9.46868312e-01 -3.18450522e-01 3.74942923e-01 3.11496671e-01 8.73148114e-01,2.11439503e+00 -1.12447669e-01 7.86360685e-01
85572957_6053497857,7.94375183e+02 0.00000000e+00 5.32500000e+02 0.00000000e+00 7.94375183e+02 3.45500000e+02 0.00000000e+00 0.00000000e+00 1.00000000e+00,9.97026461e-01 1.08220638e-02 -7.62962627e-02 -1.70214187e-03 9.92940885e-01 1.18598065e-01 7.70411545e-02 -1.18115542e-01 9.90006757e-01,-2.58807024e-01 -3.69036590e-01 -1.18035141e+00
65707480_4135176195,1.65698169e+03 0.00000000e+00 4.96500000e+02 0.00000000e+00 1.65698169e+03 3.30000000e+02 0.00000000e+00 0.00000000e+00 1.00000000e+00,9.23466730e-01 -6.16807834e-02 -3.78688103e-01 8.81488865e-02 9.94699380e-01 5.29425847e-02 3.73415281e-01 -8.22716502e-02 9.24008876e-01,1.00617701e+00 8.72858308e-02 4.12405100e-01
72124445_1515477052,8.40569214e+02 0.00000000e+00 2.50500000e+02 0.00000000e+00 8.40569214e+02 1.87500000e+02 0.00000000e+00 0.00000000e+00 1.00000000e+00,9.79426085e-01 7.34457809e-02 1.87963456e-01 -6.45075372e-02 9.96495754e-01 -5.32446272e-02 -1.91215379e-01 4.00241171e-02 9.80731741e-01,-2.24093930e+00 2.16961823e-01 7.28042292e-01
92884278_346751510,3.10146875e+03 0.00000000e+00 5.10000000e+02 0.00000000e+00 3.10146875e+03 3.82000000e+02 0.00000000e+00 0.00000000e+00 1.00000000e+00,9.96683227e-01 5.62189859e-03 -8.11846056e-02 5.06048198e-03 9.91398633e-01 1.30778982e-01 8.12215332e-02 -1.30756051e-01 9.88081939e-01,-1.66935609e-01 -1.35596701e-01 -3.81133613e-01
90218958_5187842715,1.98379529e+03 0.00000000e+00 5.14500000e+02 0.00000000e+00 1.98379529e+03 4.50500000e+02 0.00000000e+00 0.00000000e+00 1.00000000e+00,9.97831131e-01 2.55500071e-02 -6.06649065e-02 -3.54256553e-02 9.85191043e-01 -1.67760641e-01 5.54802369e-02 1.69545884e-01 9.83959418e-01,-1.76539444e-01 1.29515919e-01 1.82321810e+00
79189472_8059647260,8.36996887e+02 0.00000000e+00 2.48000000e+02 0.00000000e+00 8.36996887e+02 2.48000000e+02 0.00000000e+00 0.00000000e+00 1.00000000e+00,9.91024854e-01 2.80302954e-02 1.30705934e-01 -4.34093323e-02 9.92260322e-01 1.16340373e-01 -1.26433257e-01 -1.20970059e-01 9.84571418e-01,-1.78769603e+00 8.64023119e-01 2.88290299e+00
43929418_4177129462,1.05497437e+03 0.00000000e+00 5.25000000e+02 0.00000000e+00 1.05497437e+03 3.89000000e+02 0.00000000e+00 0.00000000e+00 1.00000000e+00,9.97350398e-01 1.34972332e-02 7.14843156e-02 -2.16298862e-02 9.93216835e-01 1.14247390e-01 -6.94574020e-02 -1.15490877e-01 9.90877150e-01,-1.26189526e+00 -8.29898885e-01 -2.36647585e+00
31638320_5722213561,8.52453430e+02 0.00000000e+00 5.26000000e+02 0.00000000e+00 8.52453430e+02 3.89500000e+02 0.00000000e+00 0.00000000e+00 1.00000000e+00,9.84867887e-01 -7.36435047e-03 -1.73150258e-01 4.02613808e-02 9.81484926e-01 1.87260142e-01 1.68565319e-01 -1.91397769e-01 9.66929484e-01,4.93242706e-01 -1.44174081e+00 -3.32263575e+00
10502455_6696542067,2.32097266e+03 0.00000000e+00 5.08500000e+02 0.00000000e+00 2.32097266e+03 3.39000000e+02 0.00000000e+00 0.00000000e+00 1.00000000e+00,9.96735475e-01 8.80463984e-04 -8.07317668e-02 2.07919346e-02 9.63414074e-01 2.67209688e-01 7.80133889e-02 -2.68015945e-01 9.60250678e-01,-2.23114030e-01 -1.20577881e+00 -2.20862079e+00
77495133_2091260914,1.44239880e+03 0.00000000e+00 2.45000000e+02 0.00000000e+00 1.44239880e+03 1.83500000e+02 0.00000000e+00 0.00000000e+00 1.00000000e+00,9.53333919e-01 -1.99015822e-02 -3.01261290e-01 1.71155930e-02 9.99782882e-01 -1.18846527e-02 3.01432404e-01 6.17377689e-03 9.53467561e-01,1.61981369e+00 6.61572066e-01 3.48562729e+00
20503102_9784502166,6.82916870e+02 0.00000000e+00 2.53500000e+02 0.00000000e+00 6.82916870e+02 2.53500000e+02 0.00000000e+00 0.00000000e+00 1.00000000e+00,9.71960258e-01 -9.32237891e-03 -2.34960318e-01 5.60120747e-02 9.79630836e-01 1.92836906e-01 2.28376674e-01 -2.00590424e-01 9.52684406e-01,1.02834793e+00 -5.64645706e-01 -8.50681230e-01
03774918_7196896770,8.16733765e+02 0.00000000e+00 3.45500000e+02 0.00000000e+00 8.16733765e+02 5.28000000e+02 0.00000000e+00 0.00000000e+00 1.00000000e+00,9.77386326e-01 -2.18389169e-02 -2.10330768e-01 -3.11335887e-02 9.68951665e-01 -2.45282225e-01 2.09157046e-01 2.46283845e-01 9.46360184e-01,9.80660892e-02 1.57706355e-02 -1.77688650e+00
88502517_1468684837,1.15577930e+03 0.00000000e+00 3.39000000e+02 0.00000000e+00 1.15577930e+03 5.08500000e+02 0.00000000e+00 0.00000000e+00 1.00000000e+00,9.36231458e-01 -1.91205774e-02 -3.50863309e-01 -4.42483304e-02 9.84154544e-01 -1.71702998e-01 3.48586780e-01 1.76278864e-01 9.20550389e-01,1.85972231e+00 2.90429038e-03 2.03107635e+00
45314193_9211289586,1.23356055e+03 0.00000000e+00 5.17500000e+02 0.00000000e+00 1.23356055e+03 3.86000000e+02 0.00000000e+00 0.00000000e+00 1.00000000e+00,9.74410900e-01 8.76882592e-02 2.06964169e-01 -5.44977958e-02 9.85457632e-01 -1.60944854e-01 -2.18067394e-01 1.45547329e-01 9.65019475e-01,-1.09023332e+00 4.86445559e-02 3.08680004e-01
44083517_6916346024,1.11120898e+03 0.00000000e+00 5.17500000e+02 0.00000000e+00 1.11120898e+03 5.17500000e+02 0.00000000e+00 0.00000000e+00 1.00000000e+00,9.54361601e-01 1.09754368e-01 2.77755132e-01 -3.36604280e-02 9.63627986e-01 -2.65118991e-01 -2.96750586e-01 2.43670028e-01 9.23343927e-01,-8.22266177e-01 -1.23046106e-01 2.21441454e+00
22719243_7325318698,1.31416199e+03 0.00000000e+00 5.17500000e+02 0.00000000e+00 1.31416199e+03 3.42500000e+02 0.00000000e+00 0.00000000e+00 1.00000000e+00,8.75835696e-01 -7.16758370e-02 -4.77257172e-01 4.49553652e-02 9.96726789e-01 -6.71916845e-02 4.80511029e-01 3.73936053e-02 8.76191115e-01,1.89900707e+00 2.33861769e-01 1.85903248e+00
24072578_3313430186,9.45994141e+02 0.00000000e+00 3.43000000e+02 0.00000000e+00 9.45994141e+02 5.13000000e+02 0.00000000e+00 0.00000000e+00 1.00000000e+00,9.94015630e-01 6.69574638e-03 -1.09032535e-01 7.30958575e-03 9.91805653e-01 1.27546531e-01 1.08993104e-01 -1.27580228e-01 9.85821378e-01,6.79795392e-02 -1.36692544e+00 -3.81139414e+00
71126779_72499173,1.28936267e+03 0.00000000e+00 4.18500000e+02 0.00000000e+00 1.28936267e+03 5.22500000e+02 0.00000000e+00 0.00000000e+00 1.00000000e+00,9.98371912e-01 5.52856936e-03 -5.67711304e-02 -1.32582839e-02 9.90523998e-01 -1.36698310e-01 5.54774209e-02 1.37228441e-01 9.88984636e-01,-3.57889879e-01 -2.86406426e-02 -8.08661148e-01
74077013_184987611,8.41601990e+02 0.00000000e+00 5.28000000e+02 0.00000000e+00 8.41601990e+02 3.45500000e+02 0.00000000e+00 0.00000000e+00 1.00000000e+00,6.52826732e-01 -2.29219628e-01 -7.21994197e-01 1.12010941e-01 9.71851343e-01 -2.07264362e-01 7.49180090e-01 5.44364670e-02 6.60125643e-01,3.55170756e+00 3.15680354e-01 4.15150530e-01
02936509_94852264,6.90796692e+02 0.00000000e+00 5.22500000e+02 0.00000000e+00 6.90796692e+02 3.88500000e+02 0.00000000e+00 0.00000000e+00 1.00000000e+00,9.96890937e-01 9.36650299e-03 -7.82350841e-02 2.48699491e-03 9.88674294e-01 1.50056507e-01 7.87545213e-02 -1.49784542e-01 9.85577149e-01,-1.46494667e-01 -1.53388120e+00 -3.98113359e+00
54233019_1901167706,1.14881555e+03 0.00000000e+00 5.28000000e+02 0.00000000e+00 1.14881555e+03 3.90000000e+02 0.00000000e+00 0.00000000e+00 1.00000000e+00,9.93469054e-01 4.45290576e-02 1.05054281e-01 -4.39140243e-02 9.99001977e-01 -8.16142278e-03 -1.05312855e-01 3.49476471e-03 9.94432999e-01,-1.73492794e+00 -3.15393025e-01 -1.32989198e+00
87478389_4866650624,1.28936670e+03 0.00000000e+00 5.12000000e+02 0.00000000e+00 1.28936670e+03 3.83500000e+02 0.00000000e+00 0.00000000e+00 1.00000000e+00,9.79355952e-01 6.64580556e-02 1.90906379e-01 -5.67944766e-02 9.96833237e-01 -5.56586430e-02 -1.94000789e-01 4.36671955e-02 9.80029015e-01,-2.34074164e+00 2.65047774e-02 3.50544039e-01
72043215_5083481624,8.46426819e+02 0.00000000e+00 5.18000000e+02 0.00000000e+00 8.46426819e+02 3.86000000e+02 0.00000000e+00 0.00000000e+00 1.00000000e+00,9.98638025e-01 1.29155115e-02 -5.05498278e-02 -6.03158898e-03 9.90958469e-01 1.34033324e-01 5.18238889e-02 -1.33545878e-01 9.89686710e-01,-3.29697268e-01 -8.08171217e-01 -2.23832272e+00
93385231_5436268017,1.49877051e+03 0.00000000e+00 5.16000000e+02 0.00000000e+00 1.49877051e+03 5.16000000e+02 0.00000000e+00 0.00000000e+00 1.00000000e+00,9.84572720e-01 2.08546985e-02 -1.73728639e-01 -2.49184719e-02 9.99463757e-01 -2.12430857e-02 1.73192460e-01 2.52444148e-02 9.84564417e-01,5.95875502e-01 -1.17540121e-01 -5.32866491e-01
69093391_313705814,1.51581067e+03 0.00000000e+00 5.16500000e+02 0.00000000e+00 1.51581067e+03 3.85500000e+02 0.00000000e+00 0.00000000e+00 1.00000000e+00,9.60857161e-01 7.04380889e-02 2.67940278e-01 -9.39832843e-02 9.92663047e-01 7.60737570e-02 -2.60615923e-01 -9.82779215e-02 9.60427400e-01,-3.20327945e+00 2.99677489e-01 1.26553934e+00
28221825_5139496129,9.00885254e+02 0.00000000e+00 3.46500000e+02 0.00000000e+00 9.00885254e+02 5.25500000e+02 0.00000000e+00 0.00000000e+00 1.00000000e+00,9.55518586e-01 1.05081223e-01 2.75576067e-01 -1.04389333e-01 9.94387414e-01 -1.72202811e-02 -2.75838901e-01 -1.23129031e-02 9.61125014e-01,-2.61567335e+00 -5.17611273e-01 -2.26504894e+00
60553649_2254779884,1.06012781e+03 0.00000000e+00 5.26000000e+02 0.00000000e+00 1.06012781e+03 3.89500000e+02 0.00000000e+00 0.00000000e+00 1.00000000e+00,9.95942808e-01 1.39091645e-02 8.89070263e-02 -1.34130125e-02 9.99890971e-01 -6.17560502e-03 -8.89832303e-02 4.95803835e-03 9.96020784e-01,-1.11258636e+00 3.79962049e-03 5.04697293e-02
19010027_6596583131,7.91659363e+02 0.00000000e+00 5.46000000e+02 0.00000000e+00 7.91659363e+02 3.48000000e+02 0.00000000e+00 0.00000000e+00 1.00000000e+00,9.96985669e-01 4.70875710e-03 -7.74429054e-02 -2.05564734e-03 9.99409364e-01 3.43030132e-02 7.75586894e-02 -3.40404172e-02 9.96406493e-01,9.79813959e-02 -5.85508486e-01 -2.37446485e+00
11025595_6187208518,1.09324402e+03 0.00000000e+00 5.31500000e+02 0.00000000e+00 1.09324402e+03 5.06500000e+02 0.00000000e+00 0.00000000e+00 1.00000000e+00,9.75907091e-01 -1.00649998e-02 -2.17954227e-01 -2.31441634e-02 9.88524176e-01 -1.49279274e-01 2.16955518e-01 1.50727070e-01 9.64474807e-01,8.70494341e-03 5.08957633e-01 5.93399652e+00
61859829_10835436503,5.59011719e+02 0.00000000e+00 2.45000000e+02 0.00000000e+00 5.59011719e+02 2.45000000e+02 0.00000000e+00 0.00000000e+00 1.00000000e+00,9.27027280e-01 -8.38270623e-02 -3.65504371e-01 7.61133890e-02 9.96467367e-01 -3.54899832e-02 3.67188199e-01 5.08040626e-03 9.30132795e-01,2.23471101e+00 -9.70781232e-02 -1.45122768e+00
60770994_853214983,9.27347595e+02 0.00000000e+00 5.31000000e+02 0.00000000e+00 9.27347595e+02 3.41500000e+02 0.00000000e+00 0.00000000e+00 1.00000000e+00,9.94168339e-01 9.94799151e-03 -1.07379474e-01 2.17964607e-03 9.93678975e-01 1.12237886e-01 1.07817267e-01 -1.11817402e-01 9.87862493e-01,7.48079461e-02 -1.12223959e+00 -3.00233515e+00
84930472_2757260060,4.01005151e+03 0.00000000e+00 5.09000000e+02 0.00000000e+00 4.01005151e+03 3.81500000e+02 0.00000000e+00 0.00000000e+00 1.00000000e+00,9.92063270e-01 -1.01460016e-04 -1.25739644e-01 -2.20039923e-03 9.99832536e-01 -1.81675262e-02 1.25720431e-01 1.83000129e-02 9.91896911e-01,1.88686582e-01 1.26250522e+00 5.67896513e+00
45568703_5366183851,8.96282532e+02 0.00000000e+00 5.16500000e+02 0.00000000e+00 8.96282532e+02 3.85500000e+02 0.00000000e+00 0.00000000e+00 1.00000000e+00,8.89989356e-01 3.25616667e-02 4.54817199e-01 -5.37817553e-02 9.97980766e-01 3.37921976e-02 -4.52798487e-01 -5.45355635e-02 8.89943483e-01,-3.65972462e+00 -4.17916077e-01 -8.96935684e-02
82903083_4663101968,8.89759766e+02 0.00000000e+00 3.86500000e+02 0.00000000e+00 8.89759766e+02 2.89500000e+02 0.00000000e+00 0.00000000e+00 1.00000000e+00,9.86634245e-01 -3.57848832e-03 -1.62911209e-01 -9.10320869e-04 9.99622194e-01 -2.74707316e-02 1.62947964e-01 2.72518660e-02 9.86258230e-01,5.48802636e-01 8.65458914e-02 7.46245018e-01
96812926_1435378218,8.45397400e+02 0.00000000e+00 5.38500000e+02 0.00000000e+00 8.45397400e+02 3.94000000e+02 0.00000000e+00 0.00000000e+00 1.00000000e+00,9.98538945e-01 -2.07735211e-03 -5.39968490e-02 -6.90442649e-03 9.86165495e-01 -1.65619881e-01 5.35938801e-02 1.65750719e-01 9.84710310e-01,-1.79308831e-01 4.95437622e-03 -3.96086854e-02
68260381_9485873768,9.27339294e+02 0.00000000e+00 4.94000000e+02 0.00000000e+00 9.27339294e+02 3.70500000e+02 0.00000000e+00 0.00000000e+00 1.00000000e+00,9.96308646e-01 2.10761716e-02 -8.32158455e-02 -2.33373991e-02 9.99381794e-01 -2.62943957e-02 8.26102158e-02 2.81393752e-02 9.96184585e-01,8.96005339e-01 6.06882405e-02 2.46834533e-01
73039718_4294835156,1.47451770e+03 0.00000000e+00 4.96500000e+02 0.00000000e+00 1.47451770e+03 3.72000000e+02 0.00000000e+00 0.00000000e+00 1.00000000e+00,9.95929442e-01 6.93306850e-02 5.76003744e-02 -6.76513476e-02 9.97239263e-01 -3.06128622e-02 -5.95637656e-02 2.65915078e-02 9.97870257e-01,-1.28888239e+00 1.43996049e-01 6.45929638e-01
90135423_286554388,1.17934790e+03 0.00000000e+00 5.30500000e+02 0.00000000e+00 1.17934790e+03 3.91000000e+02 0.00000000e+00 0.00000000e+00 1.00000000e+00,9.97524689e-01 -2.37117140e-03 -7.02771147e-02 9.17498147e-03 9.95276118e-01 9.66502438e-02 6.97159596e-02 -9.70557956e-02 9.92834255e-01,-2.97571852e-01 -8.57610976e-01 -2.62619113e+00
04803880_11119539065,5.06673492e+02 0.00000000e+00 2.55500000e+02 0.00000000e+00 5.06673492e+02 2.55500000e+02 0.00000000e+00 0.00000000e+00 1.00000000e+00,8.84219885e-01 -1.25686834e-01 -4.49842210e-01 6.35964755e-02 9.86541711e-01 -1.50635122e-01 4.62720956e-01 1.04586191e-01 8.80313039e-01,3.60936086e+00 1.99383389e-01 -8.40239064e-01
21760980_3175031030,1.75155969e+03 0.00000000e+00 5.17000000e+02 0.00000000e+00 1.75155969e+03 3.85500000e+02 0.00000000e+00 0.00000000e+00 1.00000000e+00,9.87983878e-01 -5.48120464e-03 -1.54459748e-01 -1.24214046e-02 9.93322352e-01 -1.14701408e-01 1.54057023e-01 1.15241749e-01 9.81318385e-01,2.09349720e-01 4.88879566e-01 4.25394548e+00
36601825_3537383858,9.24121460e+02 0.00000000e+00 5.16000000e+02 0.00000000e+00 9.24121460e+02 3.42000000e+02 0.00000000e+00 0.00000000e+00 1.00000000e+00,9.98491514e-01 8.71527401e-03 -5.42101527e-02 -7.46797565e-03 9.99703675e-01 2.31687439e-02 5.43960108e-02 -2.27289541e-02 9.98260722e-01,-2.37040986e-01 -3.74118357e-01 -1.16376182e+00
91333167_11075684623,8.53588257e+02 0.00000000e+00 5.11000000e+02 0.00000000e+00 8.53588257e+02 3.83000000e+02 0.00000000e+00 0.00000000e+00 1.00000000e+00,9.94325264e-01 3.84790807e-03 -1.06313042e-01 -5.85330808e-03 9.99810660e-01 -1.85575783e-02 1.06221505e-01 1.90745519e-02 9.94159521e-01,-6.14128732e-02 -5.51943656e-01 -2.30014903e+00
04692004_3962170930,1.08853967e+03 0.00000000e+00 5.14000000e+02 0.00000000e+00 1.08853967e+03 3.84500000e+02 0.00000000e+00 0.00000000e+00 1.00000000e+00,8.94383524e-01 -9.64745390e-02 -4.36773139e-01 3.62269690e-02 9.88879147e-01 -1.44241598e-01 4.45831491e-01 1.13184342e-01 8.87932197e-01,2.14784565e+00 6.17381588e-04 -3.35109470e-01
51492073_402128055,1.21295178e+03 0.00000000e+00 5.11500000e+02 0.00000000e+00 1.21295178e+03 3.83500000e+02 0.00000000e+00 0.00000000e+00 1.00000000e+00,9.00180397e-01 -2.17869730e-02 -4.34971931e-01 2.35873756e-02 9.99720985e-01 -1.25985370e-03 4.34878016e-01 -9.12575070e-03 9.00443131e-01,2.48491813e+00 -3.06737030e-01 -3.62499590e-01
65235481_5082884383,2.39038623e+03 0.00000000e+00 5.04500000e+02 0.00000000e+00 2.39038623e+03 3.78500000e+02 0.00000000e+00 0.00000000e+00 1.00000000e+00,9.98066181e-01 1.75141206e-02 -5.96418748e-02 -4.29242771e-03 9.76614180e-01 2.14956549e-01 6.20118756e-02 -2.14284854e-01 9.74800764e-01,-3.10093582e-01 -9.85513513e-01 -2.11751582e+00
67494650_6905234882,1.12274438e+03 0.00000000e+00 5.32500000e+02 0.00000000e+00 1.12274438e+03 3.91500000e+02 0.00000000e+00 0.00000000e+00 1.00000000e+00,9.56030442e-01 6.81694525e-02 2.85234501e-01 -6.80411682e-02 9.97628602e-01 -1.03717029e-02 -2.85265129e-01 -9.49202494e-03 9.58401642e-01,-2.91471373e+00 -1.92310273e-02 3.96332597e-01
54870639_2216920778,1.61301538e+03 0.00000000e+00 3.86500000e+02 0.00000000e+00 1.61301538e+03 5.19500000e+02 0.00000000e+00 0.00000000e+00 1.00000000e+00,9.15997424e-01 1.19674986e-01 3.82918551e-01 -1.14154153e-01 9.92766349e-01 -3.71995257e-02 -3.84600504e-01 -9.63707315e-03 9.23032816e-01,-3.71593118e+00 4.83742594e-03 1.11873361e-01
49659818_12133076156,2.55947192e+03 0.00000000e+00 5.15500000e+02 0.00000000e+00 2.55947192e+03 3.85000000e+02 0.00000000e+00 0.00000000e+00 1.00000000e+00,9.69982532e-01 -2.43155736e-02 -2.41955864e-01 -5.91465925e-03 9.92334784e-01 -1.23436998e-01 2.43102662e-01 1.21162819e-01 9.62403588e-01,1.19475796e+00 8.50108571e-01 8.69055050e+00
23167381_2973226361,1.53146960e+03 0.00000000e+00 5.08000000e+02 0.00000000e+00 1.53146960e+03 3.81000000e+02 0.00000000e+00 0.00000000e+00 1.00000000e+00,9.95411595e-01 6.26439912e-02 -7.23290220e-02 -7.67326995e-02 9.74193975e-01 -2.12269149e-01 5.71651107e-02 2.16845173e-01 9.74530821e-01,-1.37390695e+00 5.86605769e-02 5.89593827e+00
65096159_2053816272,1.46371863e+03 0.00000000e+00 5.21000000e+02 0.00000000e+00 1.46371863e+03 3.89000000e+02 0.00000000e+00 0.00000000e+00 1.00000000e+00,8.48679107e-01 1.73228830e-01 4.99735476e-01 -1.37787233e-01 9.84630936e-01 -1.07315414e-01 -5.10645133e-01 2.22191809e-02 8.59504425e-01,-3.87203675e+00 6.88675032e-01 4.77225073e+00
33797050_227462369,1.15561401e+03 0.00000000e+00 3.89000000e+02 0.00000000e+00 1.15561401e+03 5.25000000e+02 0.00000000e+00 0.00000000e+00 1.00000000e+00,9.41720525e-01 -1.50454743e-03 -3.36392909e-01 -3.26836884e-02 9.94849767e-01 -9.59464306e-02 3.34804763e-01 1.01349284e-01 9.36821271e-01,2.14604502e+00 -1.85177341e-01 -6.41376400e-02
19198048_6509836461,8.01268433e+02 0.00000000e+00 5.32000000e+02 0.00000000e+00 8.01268433e+02 3.45500000e+02 0.00000000e+00 0.00000000e+00 1.00000000e+00,9.99195652e-01 1.48428573e-02 -3.72523676e-02 -2.33046266e-02 9.70929943e-01 -2.38226656e-01 3.26334749e-02 2.38903191e-01 9.70494885e-01,-3.30019979e-01 2.23006456e-02 4.77644694e-01
82618295_1916872032,1.26362061e+03 0.00000000e+00 5.20000000e+02 0.00000000e+00 1.26362061e+03 3.87000000e+02 0.00000000e+00 0.00000000e+00 1.00000000e+00,9.99374454e-01 9.16631359e-03 3.41566776e-02 -9.25890819e-03 9.99953875e-01 2.55368902e-03 -3.41316942e-02 -2.86834511e-03 9.99413228e-01,-1.04354009e+00 -6.32004967e-02 -2.42770763e-01
75577600_313705813,1.80398169e+03 0.00000000e+00 5.14500000e+02 0.00000000e+00 1.80398169e+03 3.84500000e+02 0.00000000e+00 0.00000000e+00 1.00000000e+00,9.76111535e-01 6.35612533e-02 2.07764865e-01 -4.61173765e-02 9.95073974e-01 -8.77551929e-02 -2.12319240e-01 7.60772855e-02 9.74234462e-01,-2.15719132e+00 6.03626428e-01 4.75421310e+00
66720928_3418295149,1.14133386e+03 0.00000000e+00 5.28000000e+02 0.00000000e+00 1.14133386e+03 3.90000000e+02 0.00000000e+00 0.00000000e+00 1.00000000e+00,9.92365348e-01 7.24926642e-03 -1.23119719e-01 -7.61288488e-03 9.99967938e-01 -2.48318600e-03 1.23097770e-01 3.40152398e-03 9.92388719e-01,1.44884585e-01 -3.50687467e-01 -1.89713342e+00
96070852_159305038,1.38864258e+03 0.00000000e+00 5.16500000e+02 0.00000000e+00 1.38864258e+03 3.85500000e+02 0.00000000e+00 0.00000000e+00 1.00000000e+00,9.88344830e-01 7.12215801e-03 -1.52065025e-01 -2.12900680e-02 9.95554779e-01 -9.17464762e-02 1.50735629e-01 9.39146302e-02 9.84103050e-01,1.61150089e-02 8.81805379e-01 6.37432566e+00
38480762_4900311641,8.10553894e+02 0.00000000e+00 5.13000000e+02 0.00000000e+00 8.10553894e+02 3.84000000e+02 0.00000000e+00 0.00000000e+00 1.00000000e+00,9.98445034e-01 -2.95846926e-03 -5.56665204e-02 4.42949988e-03 9.99643730e-01 2.63209717e-02 5.55688183e-02 -2.65266183e-02 9.98102422e-01,-2.89963265e-01 -5.90179056e-01 -2.35015423e+00
21249390_5187843189,2.19907202e+03 0.00000000e+00 5.12500000e+02 0.00000000e+00 2.19907202e+03 3.84000000e+02 0.00000000e+00 0.00000000e+00 1.00000000e+00,9.78669357e-01 5.48152722e-02 -1.97993880e-01 -3.04420332e-03 9.67510804e-01 2.52811347e-01 2.05419141e-01 -2.46815985e-01 9.47040045e-01,8.93081440e-01 -1.26526091e+00 -2.30665999e+00
12644892_6035054052,1.28415918e+03 0.00000000e+00 5.22000000e+02 0.00000000e+00 1.28415918e+03 3.87500000e+02 0.00000000e+00 0.00000000e+00 1.00000000e+00,9.81418125e-01 -1.47386048e-03 -1.91875722e-01 -1.59582485e-03 9.99873222e-01 -1.58427811e-02 1.91874746e-01 1.58545926e-02 9.81291350e-01,3.76399288e-01 -2.13505960e-01 -8.81216458e-01
88113256_3990647614,1.64658948e+03 0.00000000e+00 5.19000000e+02 0.00000000e+00 1.64658948e+03 3.86500000e+02 0.00000000e+00 0.00000000e+00 1.00000000e+00,9.91944349e-01 3.00835260e-02 1.23050352e-01 -1.31543060e-02 9.90601847e-01 -1.36143105e-01 -1.25989570e-01 1.33427741e-01 9.83017633e-01,-1.89597083e+00 3.72736373e-01 5.24022353e+00
75856136_8729081709,1.20106445e+03 0.00000000e+00 5.14500000e+02 0.00000000e+00 1.20106445e+03 3.84500000e+02 0.00000000e+00 0.00000000e+00 1.00000000e+00,9.79355232e-01 -1.06845990e-02 -2.01864233e-01 -8.92844411e-03 9.95341302e-01 -9.59998750e-02 2.01949529e-01 9.58203134e-02 9.74697315e-01,5.93843277e-01 3.80646307e-01 2.90335995e+00
75294279_5121450680,1.39076489e+03 0.00000000e+00 4.02000000e+02 0.00000000e+00 1.39076489e+03 2.49000000e+02 0.00000000e+00 0.00000000e+00 1.00000000e+00,9.91366870e-01 7.56266055e-02 1.07109040e-01 -6.06767409e-02 9.88774475e-01 -1.36540730e-01 -1.16232797e-01 1.28862928e-01 9.84827032e-01,-8.35913039e-01 7.47572174e-01 9.02369730e+00
52736893_9377478482,1.32384875e+03 0.00000000e+00 5.25500000e+02 0.00000000e+00 1.32384875e+03 3.89000000e+02 0.00000000e+00 0.00000000e+00 1.00000000e+00,9.97905347e-01 3.72202981e-02 5.29109512e-02 -3.45405830e-02 9.98117035e-01 -5.06885831e-02 -5.46979659e-02 4.87548330e-02 9.97311937e-01,-9.15664203e-01 3.60335765e-01 1.85751884e+00
19431740_4837182516,1.22150562e+03 0.00000000e+00 5.37000000e+02 0.00000000e+00 1.22150562e+03 2.91500000e+02 0.00000000e+00 0.00000000e+00 1.00000000e+00,9.85149456e-01 -5.29763585e-03 -1.71617264e-01 -1.13310172e-02 9.95339049e-01 -9.57694401e-02 1.71324716e-01 9.62918100e-02 9.80497695e-01,5.37316261e-01 3.70779916e-01 3.02510367e+00
84783330_3034605665,1.11818066e+03 0.00000000e+00 5.23000000e+02 0.00000000e+00 1.11818066e+03 3.88000000e+02 0.00000000e+00 0.00000000e+00 1.00000000e+00,9.82518386e-01 5.58738809e-02 1.77583026e-01 -2.15051185e-02 9.81576292e-01 -1.89856561e-01 -1.84919310e-01 1.82718618e-01 9.65618328e-01,-2.25839372e+00 2.67347665e-01 1.10510135e+01
26967595_8136197169,8.53845337e+02 0.00000000e+00 5.23500000e+02 0.00000000e+00 8.53845337e+02 3.42500000e+02 0.00000000e+00 0.00000000e+00 1.00000000e+00,7.35399982e-01 -1.27041016e-01 -6.65618094e-01 5.51090552e-02 9.90227661e-01 -1.28109994e-01 6.75388672e-01 5.75305029e-02 7.35214515e-01,-1.33079311e+00 4.20518155e-01 3.71379797e+00
41951369_2362913551,1.17383167e+03 0.00000000e+00 5.16500000e+02 0.00000000e+00 1.17383167e+03 3.42500000e+02 0.00000000e+00 0.00000000e+00 1.00000000e+00,9.99518128e-01 3.10025870e-02 -1.53358311e-03 -3.10398237e-02 9.98600661e-01 -4.28164602e-02 2.04016074e-04 4.28434303e-02 9.99081778e-01,-7.66576655e-01 2.15113261e-01 9.31450587e-01
52630012_12435805525,3.16617578e+03 0.00000000e+00 5.08500000e+02 0.00000000e+00 3.16617578e+03 3.81500000e+02 0.00000000e+00 0.00000000e+00 1.00000000e+00,9.57224030e-01 2.10022079e-02 -2.88584587e-01 7.08220326e-02 9.50018913e-01 3.04053127e-01 2.80546603e-01 -3.11485107e-01 9.07893514e-01,1.29071892e+00 -1.47604965e+00 -2.38557007e+00
40491406_7568803442,1.03581104e+03 0.00000000e+00 5.20000000e+02 0.00000000e+00 1.03581104e+03 3.43000000e+02 0.00000000e+00 0.00000000e+00 1.00000000e+00,8.81786423e-01 -5.15431057e-02 -4.68824075e-01 5.44746811e-02 9.98488346e-01 -7.31651042e-03 4.68492491e-01 -1.90874424e-02 8.83261261e-01,2.84423147e+00 -4.45516994e-01 -8.81309422e-01
30331971_8549387056,9.60694763e+02 0.00000000e+00 5.07500000e+02 0.00000000e+00 9.60694763e+02 3.80500000e+02 0.00000000e+00 0.00000000e+00 1.00000000e+00,9.76494023e-01 4.29232668e-02 2.11227406e-01 -5.78022942e-02 9.96224378e-01 6.47756384e-02 -2.07649509e-01 -7.54624524e-02 9.75288214e-01,-2.36568017e+00 -5.38751088e-01 -1.80649596e+00
67187884_3799133702,1.56418005e+03 0.00000000e+00 5.14000000e+02 0.00000000e+00 1.56418005e+03 2.87500000e+02 0.00000000e+00 0.00000000e+00 1.00000000e+00,9.37737427e-01 -2.40908447e-02 -3.46508514e-01 2.63143187e-02 9.99652251e-01 1.71266916e-03 3.46346756e-01 -1.07241694e-02 9.38045264e-01,1.74706918e+00 5.09681166e-01 2.73743986e+00
68122503_5083478858,1.12335083e+03 0.00000000e+00 5.12500000e+02 0.00000000e+00 1.12335083e+03 3.84000000e+02 0.00000000e+00 0.00000000e+00 1.00000000e+00,9.95963029e-01 8.29596578e-03 -8.93802042e-02 4.99559826e-04 9.95192495e-01 9.79369657e-02 8.97629901e-02 -9.75862478e-02 9.91170787e-01,-2.36951660e-01 -7.28572046e-01 -2.27807150e+00
09870003_7184351941,8.49339111e+02 0.00000000e+00 5.22000000e+02 0.00000000e+00 8.49339111e+02 3.87500000e+02 0.00000000e+00 0.00000000e+00 1.00000000e+00,9.92582459e-01 -4.97848832e-03 -1.21471303e-01 -1.19268434e-02 9.90353759e-01 -1.38047751e-01 1.20986831e-01 1.38472545e-01 9.82948392e-01,-2.08312470e-01 4.20342664e-01 4.45216395e+00
08455944_11844596793,1.50952625e+03 0.00000000e+00 4.92500000e+02 0.00000000e+00 1.50952625e+03 3.27500000e+02 0.00000000e+00 0.00000000e+00 1.00000000e+00,9.87491236e-01 9.36583539e-03 -1.57395487e-01 -3.84927836e-02 9.82350314e-01 -1.83046895e-01 1.52903119e-01 1.86815795e-01 9.70422843e-01,3.41039352e-01 2.15061977e-01 6.33351550e+00
93110830_1932760362,9.26361389e+02 0.00000000e+00 4.11000000e+02 0.00000000e+00 9.26361389e+02 3.04000000e+02 0.00000000e+00 0.00000000e+00 1.00000000e+00,9.98435853e-01 3.38107995e-03 -5.58069582e-02 4.23932513e-03 9.90717852e-01 1.35868191e-01 5.57483310e-02 -1.35892257e-01 9.89153890e-01,-3.85863222e-01 -3.79548839e-01 -1.17215864e+00
27541834_311888773,1.13288843e+03 0.00000000e+00 3.86500000e+02 0.00000000e+00 1.13288843e+03 5.19000000e+02 0.00000000e+00 0.00000000e+00 1.00000000e+00,9.40659387e-01 -2.31589975e-02 -3.38561040e-01 8.10312224e-02 9.84137856e-01 1.57818318e-01 3.29535822e-01 -1.75887297e-01 9.27615114e-01,1.70018566e+00 -1.58556687e+00 -3.18431288e+00
28328506_5139506977,4.51362457e+02 0.00000000e+00 1.82000000e+02 0.00000000e+00 4.51362457e+02 2.42500000e+02 0.00000000e+00 0.00000000e+00 1.00000000e+00,9.97918873e-01 2.27942774e-02 -6.03186849e-02 -3.94101482e-02 9.55990268e-01 -2.90739485e-01 5.10368793e-02 2.92511587e-01 9.54899057e-01,-7.54109348e-02 1.46524919e-01 -1.45825333e-01
01069771_8567470929,1.10426208e+03 0.00000000e+00 5.29000000e+02 0.00000000e+00 1.10426208e+03 3.45500000e+02 0.00000000e+00 0.00000000e+00 1.00000000e+00,9.71754893e-01 4.69741308e-02 2.31270098e-01 -2.94819317e-02 9.96476479e-01 -7.85203330e-02 -2.34143637e-01 6.94842287e-02 9.69715783e-01,-2.15135241e+00 3.84866456e-01 3.27001535e+00
60863296_2846812457,1.85907471e+03 0.00000000e+00 3.41500000e+02 0.00000000e+00 1.85907471e+03 5.13000000e+02 0.00000000e+00 0.00000000e+00 1.00000000e+00,9.34727572e-01 -2.86071638e-03 -3.55353602e-01 1.00927093e-01 9.60927444e-01 2.57744387e-01 3.40731695e-01 -2.76785591e-01 8.98494101e-01,1.98760768e+00 -1.70054690e+00 -2.81740602e+00
75037828_1434507967,8.42981812e+02 0.00000000e+00 5.37500000e+02 0.00000000e+00 8.42981812e+02 3.93500000e+02 0.00000000e+00 0.00000000e+00 1.00000000e+00,9.96805091e-01 1.39385878e-03 -7.98603007e-02 -1.84947021e-02 9.76702100e-01 -2.13801203e-01 7.77017147e-02 2.14595120e-01 9.73607404e-01,-1.85661271e-01 1.89252216e-02 -5.34691681e-02
37156468_2594595121,1.64573267e+03 0.00000000e+00 5.08000000e+02 0.00000000e+00 1.64573267e+03 3.80500000e+02 0.00000000e+00 0.00000000e+00 1.00000000e+00,9.90903575e-01 5.51138528e-02 1.22770390e-01 -3.31711353e-02 9.84172287e-01 -1.74082123e-01 -1.30421551e-01 1.68426164e-01 9.77048026e-01,9.09318343e-02 1.38103364e-01 2.74389142e+00
76173312_1901163610,1.43303040e+03 0.00000000e+00 5.20500000e+02 0.00000000e+00 1.43303040e+03 3.87000000e+02 0.00000000e+00 0.00000000e+00 1.00000000e+00,9.92434715e-01 -8.49532138e-03 -1.22479248e-01 6.92726403e-03 9.99888579e-01 -1.32227912e-02 1.22577933e-01 1.22743109e-02 9.92382986e-01,-6.35460912e-02 1.42264413e+00 6.30201469e+00
45032875_5439368774,1.20843726e+03 0.00000000e+00 5.19500000e+02 0.00000000e+00 1.20843726e+03 3.86500000e+02 0.00000000e+00 0.00000000e+00 1.00000000e+00,9.96084341e-01 4.71411911e-02 7.47909947e-02 -4.18837027e-02 9.96641166e-01 -7.03714564e-02 -7.78571784e-02 6.69633820e-02 9.94713107e-01,-4.96416126e-01 -4.00034909e-02 -3.24716540e-01
99778055_7859904484,1.09994470e+03 0.00000000e+00 5.37500000e+02 0.00000000e+00 1.09994470e+03 3.83500000e+02 0.00000000e+00 0.00000000e+00 1.00000000e+00,9.89864657e-01 -2.40722190e-03 -1.41993542e-01 -1.81987057e-02 9.89462498e-01 -1.43641120e-01 1.40843061e-01 1.44769366e-01 9.79390148e-01,5.92492424e-02 1.51963456e-01 1.40223204e+00
71298066_8891413249,2.36914990e+03 0.00000000e+00 4.81500000e+02 0.00000000e+00 2.36914990e+03 3.61000000e+02 0.00000000e+00 0.00000000e+00 1.00000000e+00,9.89427949e-01 5.66783980e-02 1.33491174e-01 -4.04050335e-02 9.91755785e-01 -1.21605491e-01 -1.39283048e-01 1.14926156e-01 9.83560985e-01,-2.03427471e+00 5.82545437e-01 5.71325532e+00
94354873_8462500248,1.19635657e+03 0.00000000e+00 5.13500000e+02 0.00000000e+00 1.19635657e+03 2.87500000e+02 0.00000000e+00 0.00000000e+00 1.00000000e+00,9.87223611e-01 -3.38793836e-02 -1.55697556e-01 -8.05854549e-03 9.65268304e-01 -2.61136287e-01 1.59137052e-01 2.59054604e-01 9.52662643e-01,-2.75324502e-01 -4.21025867e-02 1.58735342e+00
69582637_6068650246,1.24933276e+03 0.00000000e+00 5.37000000e+02 0.00000000e+00 1.24933276e+03 4.30500000e+02 0.00000000e+00 0.00000000e+00 1.00000000e+00,9.97299768e-01 1.64831280e-02 -7.15645110e-02 -2.02160090e-02 9.98455221e-01 -5.17540870e-02 7.06008904e-02 5.30610878e-02 9.96092383e-01,3.34545749e-01 -1.70490229e-01 -5.74349599e-01
82089809_2789175595,2.06972632e+03 0.00000000e+00 5.15000000e+02 0.00000000e+00 2.06972632e+03 4.58500000e+02 0.00000000e+00 0.00000000e+00 1.00000000e+00,9.99428262e-01 1.90770597e-02 -2.79144066e-02 -2.18665871e-02 9.94409413e-01 -1.03304270e-01 2.57876069e-02 1.03855600e-01 9.94258022e-01,-6.44398260e-01 4.09678000e-01 3.06570565e+00
07361860_4676095706,8.25884155e+02 0.00000000e+00 5.32000000e+02 0.00000000e+00 8.25884155e+02 3.96000000e+02 0.00000000e+00 0.00000000e+00 1.00000000e+00,9.89621124e-01 -2.32345028e-03 -1.43682400e-01 3.26607185e-03 9.99974664e-01 6.32493806e-03 1.43664064e-01 -6.72856935e-03 9.89603639e-01,7.50205219e-01 -7.93443383e-01 -3.28546019e+00
76602992_5007474555,1.19795325e+03 0.00000000e+00 5.25000000e+02 0.00000000e+00 1.19795325e+03 3.89000000e+02 0.00000000e+00 0.00000000e+00 1.00000000e+00,9.22752208e-01 -5.45293499e-02 -3.81516595e-01 4.91290334e-02 9.98506715e-01 -2.38888637e-02 3.82249526e-01 3.29996022e-03 9.24053251e-01,2.38903578e+00 -2.12077285e-01 -7.87402275e-01
39658358_2981688579,1.28684583e+03 0.00000000e+00 5.14500000e+02 0.00000000e+00 1.28684583e+03 3.29000000e+02 0.00000000e+00 0.00000000e+00 1.00000000e+00,9.33235760e-01 5.59215137e-02 3.54885616e-01 -1.05248779e-01 9.87027809e-01 1.21238599e-01 -3.43502126e-01 -1.50495474e-01 9.27015319e-01,-3.46334470e+00 -1.15289133e-01 2.39367481e-01
