image_id,camera_intrinsics,rotation_matrix,translation_vector
83049944_6012584465,9.18426941e+02 0.00000000e+00 3.44500000e+02 0.00000000e+00 9.18426941e+02 5.23500000e+02 0.00000000e+00 0.00000000e+00 1.00000000e+00,9.96834212e-01 -7.76135288e-02 1.72538160e-02 7.83776368e-02 9.95708441e-01 -4.92102211e-02 -1.33603913e-02 5.04067453e-02 9.98639404e-01,1.72598308e+00 1.68772576e+00 4.01582014e+00
32234104_183977071,1.17611438e+03 0.00000000e+00 5.28000000e+02 0.00000000e+00 1.17611438e+03 3.90000000e+02 0.00000000e+00 0.00000000e+00 1.00000000e+00,9.71007350e-01 -1.72395723e-01 -1.65603265e-01 1.37320797e-01 9.69313660e-01 -2.03897099e-01 1.95672494e-01 1.75244809e-01 9.64884206e-01,-2.57655451e+00 -4.48477118e-01 -1.22016428e+00
26490904_3164166535,1.09905151e+03 0.00000000e+00 5.19500000e+02 0.00000000e+00 1.09905151e+03 3.86500000e+02 0.00000000e+00 0.00000000e+00 1.00000000e+00,-6.58528905e-01 3.08833656e-01 6.86266314e-01 -3.05842441e-02 9.00178261e-01 -4.34446433e-01 -7.51933697e-01 -3.07084470e-01 -5.83347960e-01,-4.56164923e-01 2.61198574e-01 4.15823973e+00
80637823_2178834461,1.15845215e+03 0.00000000e+00 3.86500000e+02 0.00000000e+00 1.15845215e+03 5.19500000e+02 0.00000000e+00 0.00000000e+00 1.00000000e+00,9.97449167e-01 -6.88761264e-02 1.87413620e-02 7.02125267e-02 9.94008373e-01 -8.37708570e-02 -1.28592586e-02 8.48730499e-02 9.96308790e-01,1.76548665e+00 1.51959498e+00 4.07195860e+00
69151734_8072413114,1.03405212e+03 0.00000000e+00 5.10500000e+02 0.00000000e+00 1.03405212e+03 3.38500000e+02 0.00000000e+00 0.00000000e+00 1.00000000e+00,-5.52722625e-01 3.59433881e-01 7.51867664e-01 5.97330848e-02 9.16973218e-01 -3.94451615e-01 -8.31221786e-01 -1.73110957e-01 -5.28301939e-01,1.24579395e+00 -1.43034982e-01 3.53445959e+00
98347882_247481604,1.11082971e+03 0.00000000e+00 5.28500000e+02 0.00000000e+00 1.11082971e+03 3.45500000e+02 0.00000000e+00 0.00000000e+00 1.00000000e+00,-5.78151722e-01 3.72603288e-01 7.25883859e-01 -3.17529161e-02 8.78692081e-01 -4.76331795e-01 -8.15311192e-01 -2.98440976e-01 -4.96186099e-01,9.63051134e-02 3.38660322e-01 3.44919221e+00
78756975_2797764270,1.09408057e+03 0.00000000e+00 5.30000000e+02 0.00000000e+00 1.09408057e+03 3.91000000e+02 0.00000000e+00 0.00000000e+00 1.00000000e+00,8.76175688e-01 -2.56626990e-01 -4.07993567e-01 1.53412006e-01 9.50934300e-01 -2.68679572e-01 4.56925508e-01 1.72819397e-01 8.72555177e-01,2.72071235e-01 9.37118168e-01 5.08765643e+00
32506932_9376290469,1.06360217e+03 0.00000000e+00 5.13500000e+02 0.00000000e+00 1.06360217e+03 4.13500000e+02 0.00000000e+00 0.00000000e+00 1.00000000e+00,7.05544367e-01 -3.21613168e-01 -6.31484059e-01 1.29157529e-01 9.34521498e-01 -3.31644242e-01 6.96796584e-01 1.52428806e-01 7.00885140e-01,9.42684561e-01 -9.36511140e-02 -2.40470310e-01
24041140_2435327744,1.44804858e+03 0.00000000e+00 5.14000000e+02 0.00000000e+00 1.44804858e+03 3.85000000e+02 0.00000000e+00 0.00000000e+00 1.00000000e+00,-2.38412680e-01 4.19721444e-01 8.75781539e-01 -8.54792919e-02 8.89216453e-01 -4.49430073e-01 -9.67394793e-01 -1.82011014e-01 -1.76122986e-01,-1.90558109e+00 4.04037433e-01 2.79782518e+00
30060098_13881136865,7.32824585e+02 0.00000000e+00 5.22500000e+02 0.00000000e+00 7.32824585e+02 3.88000000e+02 0.00000000e+00 0.00000000e+00 1.00000000e+00,-9.96559470e-01 8.04252780e-02 2.00248953e-02 5.77260381e-02 8.46905454e-01 -5.28600847e-01 -5.94720632e-02 -5.25626223e-01 -8.48634284e-01,2.44339019e+00 6.37977569e-01 5.30028060e+00
75670494_10532227934,1.06605945e+03 0.00000000e+00 5.22500000e+02 0.00000000e+00 1.06605945e+03 3.88000000e+02 0.00000000e+00 0.00000000e+00 1.00000000e+00,9.38845308e-01 9.15769678e-02 3.31938467e-01 7.03433765e-03 9.58684981e-01 -2.84382884e-01 -3.44267346e-01 2.69326503e-01 8.99412714e-01,4.00480136e+00 5.54871252e-01 3.45612423e+00
33680148_1033484404,8.63594238e+02 0.00000000e+00 5.34000000e+02 0.00000000e+00 8.63594238e+02 3.47000000e+02 0.00000000e+00 0.00000000e+00 1.00000000e+00,-8.75911512e-01 2.50249049e-01 4.12497803e-01 -3.18237794e-02 8.23139023e-01 -5.66947437e-01 -4.81421095e-01 -5.09723026e-01 -7.13033075e-01,-2.44800745e+00 -2.75625372e-02 -1.00089264e-01
33996128_10532176005,1.06690918e+03 0.00000000e+00 5.21500000e+02 0.00000000e+00 1.06690918e+03 3.87500000e+02 0.00000000e+00 0.00000000e+00 1.00000000e+00,9.98760996e-01 -2.40877532e-02 4.35459897e-02 2.36025882e-02 9.99653869e-01 1.16215338e-02 -4.38108537e-02 -1.05793366e-02 9.98983827e-01,2.64547716e+00 2.14061506e+00 4.57758261e+00
75963148_11531980813,7.89976746e+02 0.00000000e+00 5.31000000e+02 0.00000000e+00 7.89976746e+02 3.45000000e+02 0.00000000e+00 0.00000000e+00 1.00000000e+00,2.06386128e-01 3.63643242e-01 9.08387780e-01 -2.99543810e-01 9.07283388e-01 -2.95144642e-01 -9.31492497e-01 -2.11188177e-01 2.96177788e-01,-2.44104284e+00 9.72650356e-01 2.85585155e+00
77082765_2334078741,1.10738708e+03 0.00000000e+00 3.90000000e+02 0.00000000e+00 1.10738708e+03 5.27500000e+02 0.00000000e+00 0.00000000e+00 1.00000000e+00,9.85563989e-01 -1.40216725e-01 -9.48835831e-02 1.19425095e-01 9.73016919e-01 -1.97422697e-01 1.20005296e-01 1.83241220e-01 9.75715832e-01,2.46521365e+00 1.34713669e+00 4.53900624e+00
80238669_11531890454,1.38866797e+03 0.00000000e+00 5.13000000e+02 0.00000000e+00 1.38866797e+03 3.40000000e+02 0.00000000e+00 0.00000000e+00 1.00000000e+00,-5.66795335e-01 3.63688902e-01 7.39238413e-01 -1.07460302e-01 8.56986084e-01 -5.04011046e-01 -8.16820257e-01 -3.65109893e-01 -4.46653595e-01,5.20469035e-01 6.89872613e-01 3.85834696e+00
32610159_13881489624,7.31906616e+02 0.00000000e+00 5.25000000e+02 0.00000000e+00 7.31906616e+02 3.89000000e+02 0.00000000e+00 0.00000000e+00 1.00000000e+00,-6.31903152e-01 3.51695507e-01 6.90658147e-01 1.24880717e-01 9.25675308e-01 -3.57113471e-01 -7.64920396e-01 -1.39411243e-01 -6.28857132e-01,-4.88766721e-01 -4.69536994e-01 4.44466951e+00
70699652_8066487031,6.57862427e+02 0.00000000e+00 1.02000000e+02 0.00000000e+00 6.57862427e+02 5.70000000e+01 0.00000000e+00 0.00000000e+00 1.00000000e+00,-5.46060993e-01 3.66046258e-01 7.53543316e-01 -3.13978940e-03 8.98589070e-01 -4.38779929e-01 -8.37739538e-01 -2.41966571e-01 -4.89535132e-01,-4.34511136e-02 9.70708278e-02 -1.12232225e+00
82494139_2231488841,1.28977039e+03 0.00000000e+00 5.20000000e+02 0.00000000e+00 1.28977039e+03 3.87000000e+02 0.00000000e+00 0.00000000e+00 1.00000000e+00,-2.18148105e-01 4.07792738e-01 8.86632103e-01 -1.43188281e-01 8.85306505e-01 -4.42413279e-01 -9.65354091e-01 -2.23466945e-01 -1.34736795e-01,-1.23475901e+00 1.11014007e-01 6.53975290e-01
65723931_2797767702,1.10433130e+03 0.00000000e+00 5.30500000e+02 0.00000000e+00 1.10433130e+03 3.91000000e+02 0.00000000e+00 0.00000000e+00 1.00000000e+00,-6.09102536e-01 3.78103126e-01 6.97160044e-01 -1.28373061e-01 8.20446013e-01 -5.57125387e-01 -7.82633029e-01 -4.28843055e-01 -4.51197491e-01,3.88057580e-01 -1.56397702e-01 -4.30213587e-01
02136283_5474380279,1.18285583e+03 0.00000000e+00 5.12000000e+02 0.00000000e+00 1.18285583e+03 2.87500000e+02 0.00000000e+00 0.00000000e+00 1.00000000e+00,-7.18903863e-01 3.10397426e-01 6.21957132e-01 -6.52683495e-02 8.60665366e-01 -5.04970466e-01 -6.92038495e-01 -4.03619334e-01 -5.98476528e-01,-3.25035560e-01 2.08201336e-01 1.51199788e+00
63879656_8828566618,8.90356384e+02 0.00000000e+00 5.13000000e+02 0.00000000e+00 8.90356384e+02 3.84000000e+02 0.00000000e+00 0.00000000e+00 1.00000000e+00,9.98404773e-01 -4.36605471e-02 3.58003703e-02 4.90393640e-02 9.84806138e-01 -1.66589348e-01 -2.79830423e-02 1.68079227e-01 9.85376234e-01,1.65119833e+00 1.20193528e+00 4.15855702e+00
29008027_4162664667,8.05605896e+02 0.00000000e+00 5.33500000e+02 0.00000000e+00 8.05605896e+02 3.48500000e+02 0.00000000e+00 0.00000000e+00 1.00000000e+00,-8.80836906e-01 2.30988224e-01 4.13244221e-01 -3.36033416e-02 8.40184706e-01 -5.41258233e-01 -4.72225752e-01 -4.90646614e-01 -7.32303721e-01,-2.42778824e-01 4.27174446e-01 2.66773253e+00
50683161_523845337,1.67607996e+03 0.00000000e+00 5.11500000e+02 0.00000000e+00 1.67607996e+03 3.83500000e+02 0.00000000e+00 0.00000000e+00 1.00000000e+00,-8.58907303e-01 2.47390721e-01 4.48415070e-01 4.95901614e-02 9.11647650e-01 -4.07969825e-01 -5.09724494e-01 -3.28171287e-01 -7.95288970e-01,1.11604760e-01 -8.22213518e-02 4.41181568e+00
95763587_2232280810,1.05913782e+03 0.00000000e+00 5.21500000e+02 0.00000000e+00 1.05913782e+03 3.87500000e+02 0.00000000e+00 0.00000000e+00 1.00000000e+00,-3.46630393e-01 4.01326635e-01 8.47811478e-01 6.92091697e-02 9.12327425e-01 -4.03570019e-01 -9.35445061e-01 -8.12133059e-02 -3.44015897e-01,-1.41780545e+00 -9.27675219e-02 3.45462470e+00
15550848_3634998137,1.09883667e+03 0.00000000e+00 3.92000000e+02 0.00000000e+00 1.09883667e+03 5.29500000e+02 0.00000000e+00 0.00000000e+00 1.00000000e+00,9.98801487e-01 -2.63268918e-02 4.12611754e-02 2.93901893e-02 9.96713734e-01 -7.54847652e-02 -3.91383009e-02 7.66069695e-02 9.96292912e-01,1.85425504e+00 1.60350399e+00 4.33238682e+00
87021942_9387960095,9.67904236e+02 0.00000000e+00 3.46000000e+02 0.00000000e+00 9.67904236e+02 5.30000000e+02 0.00000000e+00 0.00000000e+00 1.00000000e+00,6.68849412e-01 2.52182575e-01 6.99317105e-01 -2.55237038e-01 9.61421158e-01 -1.02583678e-01 -6.98208077e-01 -1.09878594e-01 7.07412310e-01,-2.66483479e+00 1.20228214e+00 2.64543312e+00
35776972_3488825162,8.08279053e+02 0.00000000e+00 5.29500000e+02 0.00000000e+00 8.08279053e+02 3.90500000e+02 0.00000000e+00 0.00000000e+00 1.00000000e+00,-6.87180155e-01 3.35140062e-01 6.44565415e-01 -8.25468506e-02 8.45470132e-01 -5.27604278e-01 -7.21782136e-01 -4.15766034e-01 -5.53325539e-01,-4.02853269e-01 -1.57156123e-01 -8.89015221e-01
37000623_5094537023,8.36212036e+02 0.00000000e+00 5.13500000e+02 0.00000000e+00 8.36212036e+02 3.84000000e+02 0.00000000e+00 0.00000000e+00 1.00000000e+00,-9.42356005e-01 2.08922722e-01 2.61374170e-01 2.87758790e-02 8.28831917e-01 -5.58757194e-01 -3.33372329e-01 -5.19026925e-01 -7.87066669e-01,1.80876112e+00 3.36188094e-01 2.68301199e+00
64752693_9379071376,8.98600891e+02 0.00000000e+00 3.80000000e+02 0.00000000e+00 8.98600891e+02 5.13500000e+02 0.00000000e+00 0.00000000e+00 1.00000000e+00,9.87538493e-01 -9.79271439e-02 -1.23199020e-01 8.14035706e-02 9.87812169e-01 -1.32667167e-01 1.34689208e-01 1.20985094e-01 9.83474160e-01,1.82223142e+00 1.45645738e+00 4.72491706e+00
93176024_7794453938,1.01681531e+03 0.00000000e+00 4.87500000e+02 0.00000000e+00 1.01681531e+03 2.81500000e+02 0.00000000e+00 0.00000000e+00 1.00000000e+00,-6.82606106e-01 3.37690239e-01 6.48085031e-01 5.04765301e-02 9.06501220e-01 -4.19174974e-01 -7.29041168e-01 -2.53418313e-01 -6.35828699e-01,-7.88024821e-01 -4.50659077e-03 4.43593800e+00
45605507_6470820469,1.38748022e+03 0.00000000e+00 5.14500000e+02 0.00000000e+00 1.38748022e+03 3.41500000e+02 0.00000000e+00 0.00000000e+00 1.00000000e+00,-4.86328420e-01 3.82814965e-01 7.85453608e-01 -1.35301621e-01 8.55083326e-01 -5.00525701e-01 -8.63237012e-01 -3.49693020e-01 -3.64055837e-01,-2.61543303e+00 1.26474472e-01 9.03583474e-01
17973593_303833365,8.39035095e+02 0.00000000e+00 3.48000000e+02 0.00000000e+00 8.39035095e+02 5.37000000e+02 0.00000000e+00 0.00000000e+00 1.00000000e+00,9.65881482e-01 4.60228862e-02 2.54862427e-01 -2.33354826e-02 9.95546500e-01 -9.13379543e-02 -2.57931034e-01 8.22743009e-02 9.62653895e-01,6.39463782e-01 1.06127198e+00 2.72138268e+00
74379252_3524899450,1.13522424e+03 0.00000000e+00 5.33000000e+02 0.00000000e+00 1.13522424e+03 3.92000000e+02 0.00000000e+00 0.00000000e+00 1.00000000e+00,-7.80341020e-01 2.85152034e-01 5.56557463e-01 -3.77729091e-02 8.66869915e-01 -4.97101356e-01 -6.24212383e-01 -4.08931374e-01 -6.65683132e-01,-1.06871536e+00 2.03882526e-01 1.11227903e+00
74323184_6819378543,1.08008276e+03 0.00000000e+00 5.30500000e+02 0.00000000e+00 1.08008276e+03 3.91000000e+02 0.00000000e+00 0.00000000e+00 1.00000000e+00,-3.89006456e-01 3.97205410e-01 8.31205053e-01 -1.37875841e-01 8.67007501e-01 -4.78840523e-01 -9.10859061e-01 -3.00875151e-01 -2.82506485e-01,-2.28829776e+00 2.58228169e-01 1.43196694e+00
36406299_8032284977,1.27701917e+03 0.00000000e+00 3.86000000e+02 0.00000000e+00 1.27701917e+03 5.17500000e+02 0.00000000e+00 0.00000000e+00 1.00000000e+00,9.98049989e-01 -4.47829707e-02 -4.34822359e-02 4.60665961e-02 9.98517880e-01 2.89812328e-02 4.21199243e-02 -3.09277977e-02 9.98633758e-01,1.99821200e+00 1.72005159e+00 3.60211577e+00
14031656_52418158,8.36601746e+02 0.00000000e+00 3.03500000e+02 0.00000000e+00 8.36601746e+02 4.09500000e+02 0.00000000e+00 0.00000000e+00 1.00000000e+00,9.96215516e-01 -8.53388515e-02 1.64901776e-02 8.63778888e-02 9.93157166e-01 -7.85983706e-02 -9.66984340e-03 7.97253030e-02 9.96769969e-01,1.96486424e+00 1.24837743e+00 3.24718352e+00
57903036_6034663613,2.05178125e+03 0.00000000e+00 5.07000000e+02 0.00000000e+00 2.05178125e+03 3.79000000e+02 0.00000000e+00 0.00000000e+00 1.00000000e+00,-8.22772907e-01 2.38699865e-01 5.15816942e-01 -7.11313897e-02 8.57157173e-01 -5.10119502e-01 -5.63901648e-01 -4.56403281e-01 -6.88266646e-01,-1.64132399e+00 6.17330423e-01 5.48118134e+00
85875165_3423168615,1.47830774e+03 0.00000000e+00 5.04500000e+02 0.00000000e+00 1.47830774e+03 3.35000000e+02 0.00000000e+00 0.00000000e+00 1.00000000e+00,-8.70384489e-01 2.21857331e-01 4.39556784e-01 1.57988606e-02 9.04856325e-01 -4.25423820e-01 -4.92119129e-01 -3.63337798e-01 -7.91078003e-01,-2.78005774e+00 -6.24318527e-02 2.67101543e+00
64512286_144258707,8.52996338e+02 0.00000000e+00 3.44500000e+02 0.00000000e+00 8.52996338e+02 5.25000000e+02 0.00000000e+00 0.00000000e+00 1.00000000e+00,-9.80552217e-01 1.63106274e-01 1.09149862e-01 1.29197572e-01 9.55108801e-01 -2.66599261e-01 -1.47734006e-01 -2.47312599e-01 -9.57606987e-01,-2.19872649e+00 1.31867850e-01 3.43897555e+00
19450330_5824490434,1.14900146e+03 0.00000000e+00 5.13000000e+02 0.00000000e+00 1.14900146e+03 3.84000000e+02 0.00000000e+00 0.00000000e+00 1.00000000e+00,-5.46222276e-01 3.67409232e-01 7.52762699e-01 -5.58985020e-02 8.80678960e-01 -4.70404004e-01 -8.35773045e-01 -2.99023453e-01 -4.60508840e-01,6.42127358e-01 1.45219308e-01 1.23365413e+00
18347645_3184991528,1.85993091e+03 0.00000000e+00 3.96000000e+02 0.00000000e+00 1.85993091e+03 5.44500000e+02 0.00000000e+00 0.00000000e+00 1.00000000e+00,9.95940245e-01 -8.85216691e-02 -1.63383930e-02 8.68557395e-02 9.92681942e-01 -8.38966219e-02 2.36454967e-02 8.21369389e-02 9.96340511e-01,1.98097869e+00 1.92847651e+00 9.66358996e+00
12259150_2265169853,9.95415527e+02 0.00000000e+00 5.16500000e+02 0.00000000e+00 9.95415527e+02 3.85500000e+02 0.00000000e+00 0.00000000e+00 1.00000000e+00,-7.53743923e-01 2.93885860e-01 5.87793500e-01 2.78641143e-02 9.07921512e-01 -4.18213008e-01 -6.56577253e-01 -2.98847168e-01 -6.92529192e-01,-3.08601794e-01 9.55413840e-03 1.16643066e+00
23150569_6091331437,1.85436755e+03 0.00000000e+00 5.12000000e+02 0.00000000e+00 1.85436755e+03 3.83500000e+02 0.00000000e+00 0.00000000e+00 1.00000000e+00,-7.85776718e-01 3.18514226e-01 5.30192076e-01 -7.43402919e-03 8.52282681e-01 -5.23028649e-01 -6.18465589e-01 -4.14925199e-01 -6.67336043e-01,-1.11240292e+00 5.43924010e-01 4.82759555e+00
33493119_4206840303,1.05973547e+03 0.00000000e+00 3.91000000e+02 0.00000000e+00 1.05973547e+03 5.30000000e+02 0.00000000e+00 0.00000000e+00 1.00000000e+00,3.11943201e-01 3.71888291e-01 8.74294309e-01 -3.73418012e-01 8.94148012e-01 -2.47099820e-01 -8.73642048e-01 -2.49396134e-01 4.17793179e-01,-3.93857093e+00 1.90583616e+00 4.06831488e+00
84280780_9149810125,8.55185059e+02 0.00000000e+00 3.49000000e+02 0.00000000e+00 8.55185059e+02 5.35000000e+02 0.00000000e+00 0.00000000e+00 1.00000000e+00,6.45035797e-01 2.74213637e-01 7.13257108e-01 -2.70999755e-01 9.54816485e-01 -1.22002511e-01 -7.14484397e-01 -1.14596515e-01 6.90202641e-01,-2.61238514e+00 1.13617741e+00 2.32284928e+00
56929508_8486048059,1.05693884e+03 0.00000000e+00 5.10500000e+02 0.00000000e+00 1.05693884e+03 3.82500000e+02 0.00000000e+00 0.00000000e+00 1.00000000e+00,9.93016726e-01 -2.91698642e-02 1.14310547e-01 5.18517276e-02 9.78258303e-01 -2.00803614e-01 -1.05967827e-01 2.05328547e-01 9.72939365e-01,2.59665902e+00 1.16511601e+00 4.50166818e+00
90505934_1674425132,7.27524231e+02 0.00000000e+00 3.90500000e+02 0.00000000e+00 7.27524231e+02 2.97500000e+02 0.00000000e+00 0.00000000e+00 1.00000000e+00,-6.59805941e-01 3.46384197e-01 6.66838892e-01 2.51465629e-03 8.88432211e-01 -4.59000962e-01 -7.51431831e-01 -3.01174691e-01 -5.87063889e-01,-5.39680478e-02 1.78879778e+00 -1.56753611e+00
83683619_338844451,1.07753528e+03 0.00000000e+00 5.30000000e+02 0.00000000e+00 1.07753528e+03 3.91000000e+02 0.00000000e+00 0.00000000e+00 1.00000000e+00,-5.23565906e-01 3.67985520e-01 7.68417464e-01 -1.06967954e-01 8.66385659e-01 -4.87784529e-01 -8.45243515e-01 -3.37583392e-01 -4.14247334e-01,2.77853791e-01 8.23775213e-01 4.76951600e+00
09039293_8703814883,1.01895789e+03 0.00000000e+00 5.25000000e+02 0.00000000e+00 1.01895789e+03 3.46000000e+02 0.00000000e+00 0.00000000e+00 1.00000000e+00,-8.57145787e-01 2.69752226e-01 4.38787918e-01 -1.93014662e-02 8.34473083e-01 -5.50710566e-01 -5.14712107e-01 -4.80508491e-01 -7.10058474e-01,-1.94235772e+00 2.25754228e-01 1.29361212e+00
31608163_6102133633,8.68966370e+02 0.00000000e+00 5.06500000e+02 0.00000000e+00 8.68966370e+02 3.78500000e+02 0.00000000e+00 0.00000000e+00 1.00000000e+00,8.65901595e-01 -2.94943362e-01 -4.04008467e-01 2.21529055e-01 9.50259749e-01 -2.18932151e-01 4.48485569e-01 1.00074085e-01 8.88169957e-01,-1.40907119e+00 -2.43184029e-01 -5.06833646e-01
89821764_2714509360,8.66546509e+02 0.00000000e+00 3.84000000e+02 0.00000000e+00 8.66546509e+02 5.13000000e+02 0.00000000e+00 0.00000000e+00 1.00000000e+00,9.80827236e-01 -1.27103682e-01 -1.47724700e-01 9.36810394e-02 9.72219711e-01 -2.14505703e-01 1.70885330e-01 1.96554032e-01 9.65486777e-01,1.32764898e+00 1.32842423e+00 6.08864907e+00
80486775_7794448262,9.75594910e+02 0.00000000e+00 5.03500000e+02 0.00000000e+00 9.75594910e+02 3.78000000e+02 0.00000000e+00 0.00000000e+00 1.00000000e+00,-4.43895481e-02 4.15097054e-01 9.08693570e-01 7.65979848e-03 9.09704835e-01 -4.15184827e-01 -9.98984933e-01 -1.14694572e-02 -4.35609463e-02,-7.13891086e-01 3.88889593e-02 1.52137359e+00
18020426_8321383231,1.02712976e+03 0.00000000e+00 3.85000000e+02 0.00000000e+00 1.02712976e+03 5.14000000e+02 0.00000000e+00 0.00000000e+00 1.00000000e+00,9.97128030e-01 -7.01473212e-02 2.85489823e-02 7.14235226e-02 9.96363863e-01 -4.64514118e-02 -2.51867322e-02 4.83570736e-02 9.98512505e-01,1.94560565e+00 1.55208030e+00 3.74683611e+00
05887546_5632347551,8.20363953e+02 0.00000000e+00 5.14000000e+02 0.00000000e+00 8.20363953e+02 3.42500000e+02 0.00000000e+00 0.00000000e+00 1.00000000e+00,-7.63155370e-01 3.03493706e-01 5.70513323e-01 -3.87629014e-02 8.59764600e-01 -5.09217312e-01 -6.45051407e-01 -4.10726678e-01 -6.44369675e-01,-1.00788526e+00 -1.53145917e-01 -9.57725650e-01
75556369_8486047615,1.07090320e+03 0.00000000e+00 3.78000000e+02 0.00000000e+00 1.07090320e+03 5.04500000e+02 0.00000000e+00 0.00000000e+00 1.00000000e+00,9.93343002e-01 -7.99715046e-02 -8.29110338e-02 7.37464086e-02 9.94406814e-01 -7.56079123e-02 8.84937754e-02 6.89901996e-02 9.93684660e-01,2.03655624e+00 1.85570596e+00 4.89955010e+00
72646474_2231631573,1.05343494e+03 0.00000000e+00 5.24000000e+02 0.00000000e+00 1.05343494e+03 3.88500000e+02 0.00000000e+00 0.00000000e+00 1.00000000e+00,9.99471768e-01 -2.77722191e-02 1.68786450e-02 3.04557051e-02 9.81654675e-01 -1.88219416e-01 -1.13417299e-02 1.88634044e-01 9.81981956e-01,1.59317821e+00 8.23626741e-01 3.40671630e+00
04102017_4543731951,5.65559631e+02 0.00000000e+00 5.14000000e+02 0.00000000e+00 5.65559631e+02 3.41000000e+02 0.00000000e+00 0.00000000e+00 1.00000000e+00,7.79543202e-01 -3.00145654e-01 -5.49749927e-01 1.22212787e-01 9.33724368e-01 -3.36486017e-01 6.14309719e-01 1.95118917e-01 7.64560120e-01,-4.35128239e-01 3.88405833e-01 3.90623319e+00
98413296_389554202,8.31143921e+02 0.00000000e+00 5.29500000e+02 0.00000000e+00 8.31143921e+02 3.90500000e+02 0.00000000e+00 0.00000000e+00 1.00000000e+00,2.40133401e-02 4.89216474e-01 8.71831750e-01 -9.03231259e-02 8.69578239e-01 -4.85464128e-01 -9.95622967e-01 -6.70889537e-02 6.50690392e-02,2.01594950e+00 -2.14437567e-01 -3.85300430e-02
19661883_307080987,9.76929688e+02 0.00000000e+00 5.26000000e+02 0.00000000e+00 9.76929688e+02 3.89000000e+02 0.00000000e+00 0.00000000e+00 1.00000000e+00,-9.19834973e-01 1.88680186e-01 3.43952628e-01 -7.08535085e-02 7.82428523e-01 -6.18696522e-01 -3.85854121e-01 -5.93468949e-01 -7.06336466e-01,-2.65193368e+00 -5.30413664e-02 1.89675720e-01
20043733_5023033908,8.49823059e+02 0.00000000e+00 5.23000000e+02 0.00000000e+00 8.49823059e+02 3.44000000e+02 0.00000000e+00 0.00000000e+00 1.00000000e+00,9.58392184e-01 -1.53758301e-01 -2.40505315e-01 1.31453769e-01 9.85608534e-01 -1.06281346e-01 2.53385730e-01 7.02438814e-02 9.64811624e-01,6.40453827e-01 1.57322479e+00 4.52770522e+00
64133734_1372277262,1.34219556e+03 0.00000000e+00 5.23500000e+02 0.00000000e+00 1.34219556e+03 3.44000000e+02 0.00000000e+00 0.00000000e+00 1.00000000e+00,9.45961824e-01 -2.06524899e-01 -2.50007387e-01 1.33771934e-01 9.50838123e-01 -2.79306165e-01 2.95400232e-01 2.30768998e-01 9.27083800e-01,7.57960710e-01 8.84585366e-01 5.10874070e+00
12563392_2334070773,1.13029810e+03 0.00000000e+00 5.21000000e+02 0.00000000e+00 1.13029810e+03 3.87000000e+02 0.00000000e+00 0.00000000e+00 1.00000000e+00,-6.63112128e-01 3.25245738e-01 6.74164309e-01 8.85118937e-02 9.28415528e-01 -3.60846578e-01 -7.43268424e-01 -1.79610182e-01 -6.44431713e-01,-1.28617785e+00 -3.17814722e-01 3.82607499e+00
80394863_159173947,1.13929041e+03 0.00000000e+00 5.24000000e+02 0.00000000e+00 1.13929041e+03 3.88500000e+02 0.00000000e+00 0.00000000e+00 1.00000000e+00,9.80650746e-01 -9.66852710e-02 -1.70223595e-01 5.20492768e-02 9.67002360e-01 -2.49393882e-01 1.88719333e-01 2.35708282e-01 9.53323984e-01,2.33873204e+00 6.05106340e-01 4.00311744e+00
54924303_8694631531,8.07852722e+02 0.00000000e+00 5.10000000e+02 0.00000000e+00 8.07852722e+02 3.40000000e+02 0.00000000e+00 0.00000000e+00 1.00000000e+00,9.97561369e-01 -5.40388989e-02 -4.41714074e-02 3.24204618e-02 9.19226014e-01 -3.92393233e-01 6.18080050e-02 3.90004273e-01 9.18736327e-01,2.23897815e+00 -4.83861523e-02 7.60479677e-01
40055889_8473563050,1.11551270e+03 0.00000000e+00 5.06500000e+02 0.00000000e+00 1.11551270e+03 2.85500000e+02 0.00000000e+00 0.00000000e+00 1.00000000e+00,9.00497397e-01 -2.23497176e-01 -3.73032774e-01 1.09301738e-01 9.46607863e-01 -3.03293066e-01 4.20900901e-01 2.32341486e-01 8.76846546e-01,1.59714812e+00 3.18057986e-01 2.52812439e+00
63831138_11531850475,7.95259827e+02 0.00000000e+00 5.28500000e+02 0.00000000e+00 7.95259827e+02 3.44500000e+02 0.00000000e+00 0.00000000e+00 1.00000000e+00,-3.11325816e-01 4.15865503e-01 8.54477688e-01 -1.44517538e-01 8.67986180e-01 -4.75094383e-01 -9.39250189e-01 -2.71396158e-01 -2.10126647e-01,-5.89786509e-01 7.57814499e-01 3.80336014e+00
61195081_2862626518,5.56562134e+02 0.00000000e+00 2.53000000e+02 0.00000000e+00 5.56562134e+02 1.88500000e+02 0.00000000e+00 0.00000000e+00 1.00000000e+00,-1.37980525e-01 3.76462864e-01 9.16098841e-01 1.50572956e-02 9.25636434e-01 -3.78114362e-01 -9.90320480e-01 -3.83784470e-02 -1.33388313e-01,-2.03238427e+00 8.71876181e-03 4.28739532e+00
61442570_1877638298,1.05997900e+03 0.00000000e+00 4.67500000e+02 0.00000000e+00 1.05997900e+03 5.40500000e+02 0.00000000e+00 0.00000000e+00 1.00000000e+00,9.94455424e-01 -5.28030668e-02 9.09408920e-02 6.19688894e-02 9.92943644e-01 -1.01107746e-01 -8.49603816e-02 1.06182653e-01 9.90710340e-01,1.94962001e+00 1.71476621e+00 4.21000914e+00
83494299_9338552580,7.40081482e+02 0.00000000e+00 5.16000000e+02 0.00000000e+00 7.40081482e+02 3.42000000e+02 0.00000000e+00 0.00000000e+00 1.00000000e+00,9.56699228e-01 -1.60708448e-01 -2.42691951e-01 1.48581233e-01 9.86587154e-01 -6.75973749e-02 2.50300230e-01 2.86108870e-02 9.67745427e-01,7.70393049e-01 1.86169913e+00 4.66223854e+00
17061032_2781005813,1.06992639e+03 0.00000000e+00 5.24500000e+02 0.00000000e+00 1.06992639e+03 3.88500000e+02 0.00000000e+00 0.00000000e+00 1.00000000e+00,-7.28092116e-01 3.30909193e-01 6.00317397e-01 4.38402186e-02 8.96449188e-01 -4.40972661e-01 -6.84075951e-01 -2.94750672e-01 -6.67204718e-01,-2.57615438e-01 4.94665309e-02 4.42818338e+00
17060078_4126681683,7.81782715e+02 0.00000000e+00 5.28500000e+02 0.00000000e+00 7.81782715e+02 3.45500000e+02 0.00000000e+00 0.00000000e+00 1.00000000e+00,-9.72826791e-01 1.43840815e-01 1.81432782e-01 -2.01398078e-02 7.28070782e-01 -6.85206046e-01 -2.30656503e-01 -6.70240820e-01 -7.05389836e-01,-3.63424761e+00 2.09386458e-01 8.00619952e-01
72075679_2232424648,1.06552795e+03 0.00000000e+00 5.22500000e+02 0.00000000e+00 1.06552795e+03 3.88000000e+02 0.00000000e+00 0.00000000e+00 1.00000000e+00,-8.94531223e-01 2.24537127e-01 3.86519043e-01 -5.75328783e-03 8.58830359e-01 -5.12227794e-01 -4.46968445e-01 -4.60427510e-01 -7.66958745e-01,-1.74157639e+00 9.81389894e-02 7.84121298e-01
73543943_6819377449,1.04287903e+03 0.00000000e+00 5.32000000e+02 0.00000000e+00 1.04287903e+03 3.91500000e+02 0.00000000e+00 0.00000000e+00 1.00000000e+00,-7.40666491e-01 3.09631822e-01 5.96272827e-01 -2.53732312e-02 8.73955068e-01 -4.85343938e-01 -6.71393587e-01 -3.74607360e-01 -6.39452874e-01,-1.48679659e+00 1.89286214e-01 1.97545418e+00
36292593_3880529545,6.65835449e+02 0.00000000e+00 5.23500000e+02 0.00000000e+00 6.65835449e+02 2.89500000e+02 0.00000000e+00 0.00000000e+00 1.00000000e+00,-7.72866646e-01 3.00163469e-01 5.59087685e-01 -1.86984682e-01 7.34210068e-01 -6.52665538e-01 -6.06394159e-01 -6.08964258e-01 -5.11320502e-01,-1.26564075e+00 -9.42957610e-01 -2.37666285e+00
76033783_4998492930,7.95201416e+02 0.00000000e+00 5.37500000e+02 0.00000000e+00 7.95201416e+02 3.47000000e+02 0.00000000e+00 0.00000000e+00 1.00000000e+00,9.67035167e-01 -1.83908231e-01 -1.76127081e-01 1.59093893e-01 9.76404187e-01 -1.46027387e-01 1.98826858e-01 1.13192876e-01 9.73475862e-01,2.69530145e+00 5.79494538e-01 1.53620244e+00
62109065_5110187734,1.09967188e+03 0.00000000e+00 5.10500000e+02 0.00000000e+00 1.09967188e+03 3.84500000e+02 0.00000000e+00 0.00000000e+00 1.00000000e+00,4.41085591e-02 3.81139370e-01 9.23464789e-01 -6.17525634e-02 9.23637008e-01 -3.78260888e-01 -9.97116370e-01 -4.03417752e-02 6.42766307e-02,-8.13358304e-01 2.82540740e-01 3.01908842e+00
16829624_11531851815,1.69225671e+03 0.00000000e+00 5.11000000e+02 0.00000000e+00 1.69225671e+03 3.39500000e+02 0.00000000e+00 0.00000000e+00 1.00000000e+00,-5.80681775e-01 3.72063835e-01 7.24138923e-01 -8.54235796e-02 8.56708129e-01 -5.08678675e-01 -8.09636640e-01 -3.57238975e-01 -4.65691772e-01,5.94017083e-01 6.58826929e-01 3.87795711e+00
54441488_4393328208,1.13779529e+03 0.00000000e+00 3.89000000e+02 0.00000000e+00 1.13779529e+03 5.25500000e+02 0.00000000e+00 0.00000000e+00 1.00000000e+00,7.50378755e-01 -6.02879056e-01 -2.71050857e-01 6.07023154e-01 7.90803330e-01 -7.84409487e-02 2.61638326e-01 -1.05673725e-01 9.59363565e-01,-6.77207526e-01 2.31789896e+00 4.13852885e+00
06397880_3164163639,1.09722839e+03 0.00000000e+00 3.88500000e+02 0.00000000e+00 1.09722839e+03 5.24000000e+02 0.00000000e+00 0.00000000e+00 1.00000000e+00,4.08261962e-01 3.29771709e-01 8.51218416e-01 -2.90872033e-01 9.30860080e-01 -2.21117552e-01 -8.65283555e-01 -1.57321746e-01 4.75956130e-01,-3.97687197e+00 3.29636584e-01 1.39047863e+00
33234837_3550291978,1.57830725e+03 0.00000000e+00 5.13000000e+02 0.00000000e+00 1.57830725e+03 3.38000000e+02 0.00000000e+00 0.00000000e+00 1.00000000e+00,1.22734411e-01 3.88249086e-01 9.13344903e-01 -8.13474852e-02 9.21141628e-01 -3.80631958e-01 -9.89100021e-01 -2.75816716e-02 1.44638862e-01,1.09265976e-01 2.02703771e-01 1.83004725e+00
77322980_4097421297,1.05180420e+03 0.00000000e+00 3.87500000e+02 0.00000000e+00 1.05180420e+03 5.22000000e+02 0.00000000e+00 0.00000000e+00 1.00000000e+00,9.99903443e-01 5.36169406e-03 1.28201799e-02 -2.69740945e-03 9.79907026e-01 -1.99436568e-01 -1.36319023e-02 1.99382729e-01 9.79826872e-01,1.27892569e+00 9.08482549e-01 3.79526558e+00
71316394_5233978047,1.58433386e+03 0.00000000e+00 5.16500000e+02 0.00000000e+00 1.58433386e+03 3.85500000e+02 0.00000000e+00 0.00000000e+00 1.00000000e+00,-5.91035699e-01 3.58596844e-01 7.22554569e-01 -7.79769051e-02 8.66158067e-01 -4.93649476e-01 -8.02867613e-01 -3.48107032e-01 -4.83968067e-01,1.04898596e+00 2.52848830e-01 1.94912767e+00
48329521_332727450,1.85385059e+03 0.00000000e+00 5.13000000e+02 0.00000000e+00 1.85385059e+03 3.84000000e+02 0.00000000e+00 0.00000000e+00 1.00000000e+00,-8.04862191e-01 2.74165007e-01 5.26336777e-01 1.09723092e-03 8.87578439e-01 -4.60655306e-01 -5.93460740e-01 -3.70186526e-01 -7.14679149e-01,-1.29261146e+00 2.47964138e-01 5.22958479e+00
13850724_5979035567,2.40080298e+03 0.00000000e+00 5.13000000e+02 0.00000000e+00 2.40080298e+03 3.25000000e+02 0.00000000e+00 0.00000000e+00 1.00000000e+00,-8.13408251e-01 2.72129512e-01 5.14113359e-01 -1.45011122e-02 8.74061154e-01 -4.85599441e-01 -5.81512455e-01 -4.02445807e-01 -7.07022374e-01,-1.55824607e+00 5.47429770e-01 6.04355471e+00
47313503_3591060105,1.08838892e+03 0.00000000e+00 3.90500000e+02 0.00000000e+00 1.08838892e+03 5.29500000e+02 0.00000000e+00 0.00000000e+00 1.00000000e+00,6.34009998e-01 2.55656961e-01 7.29843025e-01 -1.76458367e-02 9.48309846e-01 -3.16854952e-01 -7.73123500e-01 1.88010516e-01 6.05749205e-01,-2.90821191e+00 2.58202972e-02 1.61148915e+00
34976866_13881593124,7.35165771e+02 0.00000000e+00 5.23500000e+02 0.00000000e+00 7.35165771e+02 3.88500000e+02 0.00000000e+00 0.00000000e+00 1.00000000e+00,-9.68348266e-01 1.52491896e-01 1.97605307e-01 7.78219149e-02 9.36666975e-01 -3.41465557e-01 -2.37161095e-01 -3.15279557e-01 -9.18887053e-01,9.24917581e-01 -5.29625521e-01 5.61735531e+00
63732276_3020022441,7.99425415e+02 0.00000000e+00 3.46000000e+02 0.00000000e+00 7.99425415e+02 5.34000000e+02 0.00000000e+00 0.00000000e+00 1.00000000e+00,9.94122586e-01 -9.23920802e-02 -5.64268336e-02 8.17369149e-02 9.82323637e-01 -1.68402344e-01 7.09884552e-02 1.62800418e-01 9.84101958e-01,1.40669721e+00 1.33406601e+00 4.70596691e+00
97044761_5284916914,1.12366602e+03 0.00000000e+00 3.44500000e+02 0.00000000e+00 1.12366602e+03 5.23500000e+02 0.00000000e+00 0.00000000e+00 1.00000000e+00,9.93095327e-01 -4.36902133e-02 -1.08870736e-01 4.38998845e-02 9.99035824e-01 -4.71368013e-04 1.08786359e-01 -4.31129935e-03 9.94055804e-01,1.85637761e+00 1.56845162e+00 3.87528448e+00
25695243_4427119684,1.16071643e+03 0.00000000e+00 5.20000000e+02 0.00000000e+00 1.16071643e+03 3.87000000e+02 0.00000000e+00 0.00000000e+00 1.00000000e+00,-9.68242049e-02 4.07252860e-01 9.08168586e-01 -6.27237415e-03 9.12187969e-01 -4.09724012e-01 -9.95281734e-01 -4.53675749e-02 -8.57674325e-02,-1.95033057e+00 2.43365930e-01 5.69336508e+00
10952261_7425552866,7.95869812e+02 0.00000000e+00 5.13500000e+02 0.00000000e+00 7.95869812e+02 3.41500000e+02 0.00000000e+00 0.00000000e+00 1.00000000e+00,9.08895264e-01 -2.30171897e-01 -3.47750338e-01 1.30969429e-01 9.49241685e-01 -2.85984670e-01 3.95924750e-01 2.14385449e-01 8.92906754e-01,1.47281611e+00 8.35350350e-01 4.97576084e+00
56571846_8147517032,8.66071472e+02 0.00000000e+00 5.19500000e+02 0.00000000e+00 8.66071472e+02 3.86500000e+02 0.00000000e+00 0.00000000e+00 1.00000000e+00,-5.62039629e-01 4.03753232e-01 7.21868952e-01 -1.99009871e-01 7.81107250e-01 -5.91833199e-01 -8.02811638e-01 -4.76292759e-01 -3.58662350e-01,5.32113910e-01 -7.44416450e-01 -2.15230987e+00
21473586_5735108576,1.06590771e+03 0.00000000e+00 5.06500000e+02 0.00000000e+00 1.06590771e+03 3.80000000e+02 0.00000000e+00 0.00000000e+00 1.00000000e+00,9.16087453e-01 1.31791633e-01 3.78701391e-01 -5.95664531e-02 9.78692489e-01 -1.96501525e-01 -3.96529464e-01 1.57454683e-01 9.04418270e-01,3.59132812e+00 7.45359163e-01 3.00393854e+00
89270148_8703811409,7.96527405e+02 0.00000000e+00 5.32000000e+02 0.00000000e+00 7.96527405e+02 3.48000000e+02 0.00000000e+00 0.00000000e+00 1.00000000e+00,-6.79077008e-01 3.44534674e-01 6.48190000e-01 -1.16538861e-01 8.21213158e-01 -5.58594346e-01 -7.24757278e-01 -4.54867901e-01 -5.17515295e-01,-2.17504025e-01 -4.86757192e-01 -2.07312618e+00
83393115_2713666377,1.79671118e+03 0.00000000e+00 5.28500000e+02 0.00000000e+00 1.79671118e+03 3.45500000e+02 0.00000000e+00 0.00000000e+00 1.00000000e+00,-6.16568871e-01 3.67027227e-01 6.96515500e-01 -2.39980213e-02 8.75515225e-01 -4.82594225e-01 -7.86935145e-01 -3.14267570e-01 -5.31007507e-01,1.97660978e-01 8.77336532e-02 4.24190970e+00
17665284_5616961414,7.70609863e+02 0.00000000e+00 5.17500000e+02 0.00000000e+00 7.70609863e+02 2.89000000e+02 0.00000000e+00 0.00000000e+00 1.00000000e+00,-7.02420113e-01 3.29546389e-01 6.30876504e-01 -6.14004334e-02 8.54998605e-01 -5.14982885e-01 -7.09109281e-01 -4.00470427e-01 -5.80333926e-01,-5.69650405e-01 -1.52902863e-01 -9.86411906e-01
18834309_5057033556,8.63928406e+02 0.00000000e+00 5.31000000e+02 0.00000000e+00 8.63928406e+02 3.54500000e+02 0.00000000e+00 0.00000000e+00 1.00000000e+00,8.07432864e-01 1.73730932e-01 5.63799373e-01 1.20787568e-01 8.86732563e-01 -4.46223850e-01 -5.77462149e-01 4.28395756e-01 6.94992476e-01,-2.56066377e+00 -1.33532080e-01 6.65066793e-02
19785873_3796268760,1.11618921e+03 0.00000000e+00 5.22500000e+02 0.00000000e+00 1.11618921e+03 3.88000000e+02 0.00000000e+00 0.00000000e+00 1.00000000e+00,-5.26082473e-01 3.77602444e-01 7.62006317e-01 -1.47075353e-01 8.42122942e-01 -5.18842742e-01 -8.37619288e-01 -3.85026420e-01 -3.87490107e-01,2.98236509e-01 7.59762992e-01 3.37061811e+00
07646626_4626501192,1.09746179e+03 0.00000000e+00 5.25500000e+02 0.00000000e+00 1.09746179e+03 3.89000000e+02 0.00000000e+00 0.00000000e+00 1.00000000e+00,-5.40734798e-01 3.70878659e-01 7.55019800e-01 -1.75526802e-01 8.28053450e-01 -5.32463920e-01 -8.22676255e-01 -4.20447981e-01 -3.82658170e-01,7.79596483e-01 -3.15653677e-01 -1.08969704e+00
45351744_6834302276,5.34668762e+02 0.00000000e+00 5.15000000e+02 0.00000000e+00 5.34668762e+02 3.42000000e+02 0.00000000e+00 0.00000000e+00 1.00000000e+00,-3.14268818e-01 4.09331522e-01 8.56552868e-01 1.40532058e-01 9.12385611e-01 -3.84451865e-01 -9.38874779e-01 -4.48095408e-04 -3.44258549e-01,-5.15630565e-01 -1.96188182e-01 1.52781006e+00
10875319_6129697684,7.97158813e+02 0.00000000e+00 5.33000000e+02 0.00000000e+00 7.97158813e+02 3.45500000e+02 0.00000000e+00 0.00000000e+00 1.00000000e+00,7.90314064e-01 2.10956383e-01 5.75240023e-01 -1.60042032e-01 9.77340134e-01 -1.38538119e-01 -5.91430662e-01 1.74260420e-02 8.06167542e-01,-1.57257575e+00 -1.20546954e-02 3.54976637e-02
74949128_744301420,1.06365662e+03 0.00000000e+00 5.27500000e+02 0.00000000e+00 1.06365662e+03 3.90000000e+02 0.00000000e+00 0.00000000e+00 1.00000000e+00,-2.89957588e-01 4.37196341e-01 8.51342444e-01 -1.69950985e-01 8.51897981e-01 -4.95365010e-01 -9.41828678e-01 -2.88321331e-01 -1.72712335e-01,-1.30119935e+00 -6.87304775e-02 -6.05786635e-02
51704288_4179008552,7.71560608e+02 0.00000000e+00 3.87000000e+02 0.00000000e+00 7.71560608e+02 5.20000000e+02 0.00000000e+00 0.00000000e+00 1.00000000e+00,-6.19192198e-01 3.52532777e-01 7.01656371e-01 -1.54545367e-01 8.21368875e-01 -5.49061837e-01 -7.69880998e-01 -4.48412547e-01 -4.54102892e-01,-5.90747991e-01 3.94602014e-01 1.42596594e+00
93452424_2796919411,1.09169495e+03 0.00000000e+00 3.91500000e+02 0.00000000e+00 1.09169495e+03 5.32000000e+02 0.00000000e+00 0.00000000e+00 1.00000000e+00,9.93051825e-01 -1.14087537e-01 -2.88462661e-02 1.10564964e-01 9.88492701e-01 -1.03235500e-01 4.02922075e-02 9.93288157e-02 9.94238565e-01,2.33944140e+00 1.56663475e+00 4.27524038e+00
97169342_4819482004,1.04157690e+03 0.00000000e+00 5.10000000e+02 0.00000000e+00 1.04157690e+03 3.41500000e+02 0.00000000e+00 0.00000000e+00 1.00000000e+00,-4.51508902e-01 4.14580129e-01 7.90103176e-01 9.42880463e-03 8.87668657e-01 -4.60386199e-01 -8.92216795e-01 -2.00418739e-01 -4.04699296e-01,2.55232678e-01 1.52860980e-01 3.24990453e+00
96969581_4970715984,9.74408752e+02 0.00000000e+00 5.02000000e+02 0.00000000e+00 9.74408752e+02 5.02000000e+02 0.00000000e+00 0.00000000e+00 1.00000000e+00,9.76198904e-01 -1.03720313e-01 -1.90467308e-01 8.26281167e-02 9.89859835e-01 -1.15542638e-01 2.00520057e-01 9.70546418e-02 9.74870301e-01,1.27218332e+00 1.37055131e+00 5.39584079e+00
15921155_4239614627,1.23315894e+03 0.00000000e+00 5.21500000e+02 0.00000000e+00 1.23315894e+03 3.87500000e+02 0.00000000e+00 0.00000000e+00 1.00000000e+00,-5.90969993e-01 3.47136888e-01 7.28182977e-01 -3.25741085e-01 7.23123208e-01 -6.09085849e-01 -7.38002176e-01 -5.97150574e-01 -3.14267370e-01,4.24227130e-01 -8.29587606e-01 -1.66891706e+00
10479978_4543725197,9.68405457e+02 0.00000000e+00 5.01500000e+02 0.00000000e+00 9.68405457e+02 3.33500000e+02 0.00000000e+00 0.00000000e+00 1.00000000e+00,-9.96819127e-01 6.89454952e-02 -3.99768356e-02 7.90591933e-02 7.92101231e-01 -6.05248118e-01 -1.00634306e-02 -6.06483437e-01 -7.95032432e-01,-5.04618384e-01 1.87563103e-01 8.82569718e-01
11707692_3018713678,1.17751306e+03 0.00000000e+00 5.23500000e+02 0.00000000e+00 1.17751306e+03 3.88000000e+02 0.00000000e+00 0.00000000e+00 1.00000000e+00,-8.59268906e-01 2.64678291e-01 4.37724056e-01 9.21418031e-03 8.63595158e-01 -5.04101678e-01 -5.11441146e-01 -4.29125629e-01 -7.44499260e-01,2.64217991e-01 5.15122903e-01 5.07605747e+00
15769608_732809269,1.59404553e+03 0.00000000e+00 5.15500000e+02 0.00000000e+00 1.59404553e+03 3.85000000e+02 0.00000000e+00 0.00000000e+00 1.00000000e+00,-7.08137866e-01 3.30680147e-01 6.23852069e-01 -6.40423906e-02 8.49827340e-01 -5.23155870e-01 -7.03163804e-01 -4.10419459e-01 -5.80617372e-01,-5.48968964e-01 3.55235791e-01 2.88939455e+00
58370062_228935435,1.05720154e+03 0.00000000e+00 5.23500000e+02 0.00000000e+00 1.05720154e+03 3.88000000e+02 0.00000000e+00 0.00000000e+00 1.00000000e+00,-5.52598327e-01 4.00461011e-01 7.30935064e-01 -2.24498978e-01 7.73066900e-01 -5.93268723e-01 -8.02642696e-01 -4.91933479e-01 -3.37292387e-01,8.15285964e-01 5.26511906e-01 1.54587012e+00
88392746_217109207,6.57078552e+02 0.00000000e+00 3.06000000e+02 0.00000000e+00 6.57078552e+02 2.27000000e+02 0.00000000e+00 0.00000000e+00 1.00000000e+00,-8.85388419e-01 2.31511500e-01 4.03100202e-01 4.83533166e-02 9.08321499e-01 -4.15468425e-01 -4.62330298e-01 -3.48359700e-01 -8.15411685e-01,-6.02393041e-01 -1.06807365e-01 4.25407214e+00
87247686_240007777,1.08240576e+03 0.00000000e+00 5.28000000e+02 0.00000000e+00 1.08240576e+03 3.90000000e+02 0.00000000e+00 0.00000000e+00 1.00000000e+00,-2.49476437e-01 4.24743145e-01 8.70261321e-01 -6.23050103e-02 8.89774484e-01 -4.52127695e-01 -9.66374458e-01 -1.67016847e-01 -1.95514142e-01,-1.19839996e+00 2.30928088e-01 1.94042630e+00
68173000_3055082929,9.96402405e+02 0.00000000e+00 3.59500000e+02 0.00000000e+00 9.96402405e+02 5.26000000e+02 0.00000000e+00 0.00000000e+00 1.00000000e+00,9.98974702e-01 -3.72075450e-02 -2.57903913e-02 3.94055581e-02 9.95095084e-01 9.07357496e-02 2.22878371e-02 -9.16590032e-02 9.95540998e-01,1.76688623e+00 8.00542275e-01 1.51529029e+00
65596895_2998348333,8.31268616e+02 0.00000000e+00 3.93000000e+02 0.00000000e+00 8.31268616e+02 5.36000000e+02 0.00000000e+00 0.00000000e+00 1.00000000e+00,9.98935789e-01 -3.76121620e-02 -2.66948546e-02 3.52728286e-02 9.95902916e-01 -8.32658926e-02 2.97172938e-02 8.22356770e-02 9.96169753e-01,1.91953479e+00 1.43403713e+00 4.10276592e+00
37434597_3796271634,1.11408252e+03 0.00000000e+00 5.23000000e+02 0.00000000e+00 1.11408252e+03 3.88000000e+02 0.00000000e+00 0.00000000e+00 1.00000000e+00,-5.95709988e-01 3.82372653e-01 7.06343234e-01 -5.65948872e-02 8.57243432e-01 -5.11791673e-01 -8.01203238e-01 -3.44854827e-01 -4.89028138e-01,1.01316936e+00 6.78628001e-01 4.93698074e+00
00460368_4162644685,8.11404663e+02 0.00000000e+00 5.33500000e+02 0.00000000e+00 8.11404663e+02 3.48500000e+02 0.00000000e+00 0.00000000e+00 1.00000000e+00,-3.76258103e-01 3.93162251e-01 8.38959644e-01 -2.55948626e-02 9.00744188e-01 -4.33595214e-01 -9.26161294e-01 -1.84616770e-01 -3.28849366e-01,3.76873632e-01 1.97929197e-01 2.88977173e+00
